ITÉRATION 0
d : [18.000000000000004, -0.09695977168185343, -0.09695977168185275, -0.5817586300911153, 0.3169094719210328, 0.5611354568262052, -0.22861950074379866, -0.18013961490287322, 0.3602792298057445, 3.219498072088001, -0.7806126172904027, -0.6004730023875277, 3.0023650119376497]

MODÈLE ALTERNÉ
Jx : [1, 1, 2, 1, 2, 2, 2, 5, 2, 5, 2, 3, 3, 3, 5, 3, 4, 4, 4]
     [1, 2, 2, 3, 3, 4, 5, 5, 6, 6, 7, 7, 8, 9, 10, 11, 11, 12, 13]
     [4.242640687119286, 0.0, 2.8284271247461903, 0.0, 2.8284271247461903, 16.970562748477143, -0.7067534044254388, 1.4142135623730951, 0.7067534045431721, 2.8284271247461903, 1.4142135623730951, 1.4142135623730951, 1.4142135623730951, -2.8284271247461903, 15.556349186104047, 1.4142135623730951, 1.4142135623730951, 1.4142135623730951, -7.0710678118654755]

Fx : [-80.61017305526643, 10.606248341154838, 2.8284271247461903, 23.607675141438072, -52.32590180780452]

sqrt_DλI : [1, 2, 3, 4, 5, 6, 7, 8, 9, 10, 11, 12, 13]
           [1, 2, 3, 4, 5, 6, 7, 8, 9, 10, 11, 12, 13]
           [0.0, 0.0, 0.0, 0.0, 0.0, 0.0, 0.0, 0.0, 0.0, 0.0, 0.0, 0.0, 0.0]

A : [1, 6, 2, 7, 2, 8, 2, 9, 2, 5, 10, 2, 5, 11, 2, 3, 12, 3, 13, 3, 14, 5, 15, 3, 4, 16, 4, 17, 4, 18]
    [1, 1, 2, 2, 3, 3, 4, 4, 5, 5, 5, 6, 6, 6, 7, 7, 7, 8, 8, 9, 9, 10, 10, 11, 11, 11, 12, 12, 13, 13]
    [4.242640687119286, 0.0, 2.8284271247461903, 0.0, 2.8284271247461903, 0.0, 16.970562748477143, 0.0, -0.7067534044254388, 1.4142135623730951, 0.0, 0.7067534045431721, 2.8284271247461903, 0.0, 1.4142135623730951, 1.4142135623730951, 0.0, 1.4142135623730951, 0.0, -2.8284271247461903, 0.0, 15.556349186104047, 0.0, 1.4142135623730951, 1.4142135623730951, 0.0, 1.4142135623730951, 0.0, -7.0710678118654755, 0.0]

b : [80.61017305526643, -10.606248341154838, -2.8284271247461903, -23.607675141438072, 52.32590180780452, 0.0, 0.0, 0.0, 0.0, 0.0, 0.0, 0.0, 0.0, 0.0, 0.0, 0.0, 0.0, 0.0]

d : [19.0, 0.0, 0.0, 0.0, 15.00700000133325, 0.0, 0.0, 0.0, 0.0, 1.9993636362424316, -2.0, -14.693147180559947, 0.0]

ITÉRATION 1
Jx : [1, 1, 2, 1, 2, 2, 2, 5, 2, 5, 2, 3, 3, 3, 5, 3, 4, 4, 4]
     [1, 2, 2, 3, 3, 4, 5, 5, 6, 6, 7, 7, 8, 9, 10, 11, 11, 12, 13]
     [4.242640687119286, -1.8841109504205303e-16, 2.5541834765120384, 1.8841109504205303e-16, 2.5541834765120406, 3.081122620346701, -0.7773408705890048, 1.4142135623730951, 0.5169726500191698, 7.381484962327074, 1.4142135623730951, 1.4142135623730951, 1.4142135623730951, -3.847450670811424, 16.349914559476087, 1.4142135623730951, 0.592026500944832, 1.4142135623730951, -7.0710678118654755]

Fx : [-4.242640687119265, 4.702078812198923, -0.05618856590699577, 0.6147732695620814, 2.347925015211593]

sqrt_DλI : [1, 2, 3, 4, 5, 6, 7, 8, 9, 10, 11, 12, 13]
           [1, 2, 3, 4, 5, 6, 7, 8, 9, 10, 11, 12, 13]
           [0.39268282980170394, 1.0, 1.0, 1.0, 1.0, 1.0, 1.0, 1.0, 1.0, 1.0, 1.0, 1.0, 1.0]

A : [1, 6, 1, 2, 7, 1, 2, 8, 2, 9, 2, 5, 10, 2, 5, 11, 2, 3, 12, 3, 13, 3, 14, 5, 15, 3, 4, 16, 4, 17, 4, 18]
    [1, 1, 2, 2, 2, 3, 3, 3, 4, 4, 5, 5, 5, 6, 6, 6, 7, 7, 7, 8, 8, 9, 9, 10, 10, 11, 11, 11, 12, 12, 13, 13]
    [4.242640687119286, 0.39268282980170394, -1.8841109504205303e-16, 2.5541834765120384, 1.0, 1.8841109504205303e-16, 2.5541834765120406, 1.0, 3.081122620346701, 1.0, -0.7773408705890048, 1.4142135623730951, 1.0, 0.5169726500191698, 7.381484962327074, 1.0, 1.4142135623730951, 1.4142135623730951, 1.0, 1.4142135623730951, 1.0, -3.847450670811424, 1.0, 16.349914559476087, 1.0, 1.4142135623730951, 0.592026500944832, 1.0, 1.4142135623730951, 1.0, -7.0710678118654755, 1.0]

b : [4.242640687119265, -4.702078812198923, 0.05618856590699577, -0.6147732695620814, -2.347925015211593, -0.0, -0.0, -0.0, -0.0, -0.0, -0.0, -0.0, -0.0, -0.0, -0.0, -0.0, -0.0, -0.0]

d : [0.9915061084223491, -0.45696153806307954, -0.45696153806307893, -0.5512346879157085, 0.13096508704317403, -0.134803017906321, -0.2255167498508845, 0.027496085974901652, -0.07480470930522364, -0.09372274420705716, 0.02049335214741152, -0.01672790176912759, 0.08363950884563766]

ITÉRATION 2
Jx : [1, 1, 2, 1, 2, 2, 2, 5, 2, 5, 2, 3, 3, 3, 5, 3, 4, 4, 4]
     [1, 2, 2, 3, 3, 4, 5, 5, 6, 6, 7, 7, 8, 9, 10, 11, 11, 12, 13]
     [4.242640687119286, -3.6112126549726834e-16, 1.2617010672886857, 3.6112126549726834e-16, 1.2617010672886892, -0.23938736610720845, -0.6088959460072534, 1.4142135623730951, 0.45652358480634614, 7.2489409863666285, 1.4142135623730951, 1.4142135623730951, 1.4142135623730951, -3.635871001953776, 16.159274303304144, 1.4142135623730951, 0.6415676021564977, 1.4142135623730951, -7.0710678118654755]

Fx : [-0.036036529999309605, 2.0047429455861168, -0.02735624666083775, 0.01233839760148594, 0.023599635853355967]

sqrt_DλI : [1, 2, 3, 4, 5, 6, 7, 8, 9, 10, 11, 12, 13]
           [1, 2, 3, 4, 5, 6, 7, 8, 9, 10, 11, 12, 13]
           [2.2544109317593315, 1.1221335201000542, 1.1221335201000529, 1.3536345386397095, 0.32160324642832483, 0.3310278270781937, 0.5537881928188967, 1.0, 0.18369351637017745, 0.23014941983144466, 1.0, 1.0, 0.20538861296339334]

A : [1, 6, 1, 2, 7, 1, 2, 8, 2, 9, 2, 5, 10, 2, 5, 11, 2, 3, 12, 3, 13, 3, 14, 5, 15, 3, 4, 16, 4, 17, 4, 18]
    [1, 1, 2, 2, 2, 3, 3, 3, 4, 4, 5, 5, 5, 6, 6, 6, 7, 7, 7, 8, 8, 9, 9, 10, 10, 11, 11, 11, 12, 12, 13, 13]
    [4.242640687119286, 2.2544109317593315, -3.6112126549726834e-16, 1.2617010672886857, 1.1221335201000542, 3.6112126549726834e-16, 1.2617010672886892, 1.1221335201000529, -0.23938736610720845, 1.3536345386397095, -0.6088959460072534, 1.4142135623730951, 0.32160324642832483, 0.45652358480634614, 7.2489409863666285, 0.3310278270781937, 1.4142135623730951, 1.4142135623730951, 0.5537881928188967, 1.4142135623730951, 1.0, -3.635871001953776, 0.18369351637017745, 16.159274303304144, 0.23014941983144466, 1.4142135623730951, 0.6415676021564977, 1.0, 1.4142135623730951, 1.0, -7.0710678118654755, 0.20538861296339334]

b : [0.036036529999309605, -2.0047429455861168, 0.02735624666083775, -0.01233839760148594, -0.023599635853355967, 0.0, 0.0, 0.0, 0.0, 0.0, 0.0, 0.0, 0.0, 0.0, 0.0, 0.0, 0.0, 0.0]

d : [0.006623672410791614, -0.1306803558300885, -0.13068035583008913, 0.01703888930762142, 0.7749196609377976, -0.508876097946081, -0.5913717630979995, 0.0030784883602275686, -0.234554262068099, 0.158966927890205, 0.00307076295266226, -1.702918931220149e-5, 0.0020184186660103407]

ITÉRATION 3
Jx : [1, 1, 2, 1, 2, 2, 2, 5, 2, 5, 2, 3, 3, 3, 5, 3, 4, 4, 4]
     [1, 2, 2, 3, 3, 4, 5, 5, 6, 6, 7, 7, 8, 9, 10, 11, 11, 12, 13]
     [4.242640687119286, -1.7271017045521529e-16, 0.8920812041873795, 1.7271017045521529e-16, 0.8920812041873812, -0.2226997573489204, -0.16334674318687106, 1.4142135623730951, 0.23796142906444276, 7.473754171757743, 1.4142135623730951, 1.4142135623730951, 1.4142135623730951, -2.9724513648955386, 15.439614824021298, 1.4142135623730951, 0.6488707322313666, 1.4142135623730951, -7.0710678118654755]

Fx : [-0.007934667931124326, 0.45018278814997553, -0.07998077170116118, 2.3262724773787815e-5, -0.11492313689978062]

sqrt_DλI : [1, 2, 3, 4, 5, 6, 7, 8, 9, 10, 11, 12, 13]
           [1, 2, 3, 4, 5, 6, 7, 8, 9, 10, 11, 12, 13]
           [2.0205140124561094, 0.5489169161083424, 0.5489169161083399, 0.9127116905804951, 0.764678699658104, 1.0, 0.41154147318645834, 1.0, 1.0, 1.0, 1.0, 1.0, 1.0]

A : [1, 6, 1, 2, 7, 1, 2, 8, 2, 9, 2, 5, 10, 2, 5, 11, 2, 3, 12, 3, 13, 3, 14, 5, 15, 3, 4, 16, 4, 17, 4, 18]
    [1, 1, 2, 2, 2, 3, 3, 3, 4, 4, 5, 5, 5, 6, 6, 6, 7, 7, 7, 8, 8, 9, 9, 10, 10, 11, 11, 11, 12, 12, 13, 13]
    [4.242640687119286, 2.0205140124561094, -1.7271017045521529e-16, 0.8920812041873795, 0.5489169161083424, 1.7271017045521529e-16, 0.8920812041873812, 0.5489169161083399, -0.2226997573489204, 0.9127116905804951, -0.16334674318687106, 1.4142135623730951, 0.764678699658104, 0.23796142906444276, 7.473754171757743, 1.0, 1.4142135623730951, 1.4142135623730951, 0.41154147318645834, 1.4142135623730951, 1.0, -2.9724513648955386, 1.0, 15.439614824021298, 1.0, 1.4142135623730951, 0.6488707322313666, 1.0, 1.4142135623730951, 1.0, -7.0710678118654755, 1.0]

b : [0.007934667931124326, -0.45018278814997553, 0.07998077170116118, -2.3262724773787815e-5, 0.11492313689978062, -0.0, -0.0, -0.0, -0.0, -0.0, -0.0, -0.0, -0.0, -0.0, -0.0, -0.0, -0.0, -0.0]

d : [0.0015244641801117201, -0.11272856495416968, -0.11272856495417094, 0.010178770820577939, 0.011993623371127592, -0.00486644597262577, -0.14537939338415318, 0.029224159609978127, -0.061424522739577166, 0.008664144231811721, 0.02899354938048091, -0.0005026149246328416, 0.0025130746231642066]

MODÈLE ALTERNÉ
Jx : [1, 1, 2, 1, 2, 2, 2, 5, 2, 5, 2, 3, 3, 3, 5, 3, 4, 4, 4]
     [1, 2, 2, 3, 3, 4, 5, 5, 6, 6, 7, 7, 8, 9, 10, 11, 11, 12, 13]
     [4.242640687119286, -1.7271017045521529e-16, 0.8920812041873795, 1.7271017045521529e-16, 0.8920812041873812, -0.2226997573489204, -0.16334674318687106, 1.4142135623730951, 0.23796142906444276, 7.473754171757743, 1.4142135623730951, 1.4142135623730951, 1.4142135623730951, -2.9724513648955386, 15.439614824021298, 1.4142135623730951, 0.6488707322313666, 1.4142135623730951, -7.0710678118654755]

Fx : [-0.007934667931124326, 0.45018278814997553, -0.07998077170116118, 2.3262724773787815e-5, -0.11492313689978062]

sqrt_DλI : [1, 2, 3, 4, 5, 6, 7, 8, 9, 10, 11, 12, 13]
           [1, 2, 3, 4, 5, 6, 7, 8, 9, 10, 11, 12, 13]
           [0.0, 0.0, 0.0, 0.0, 0.0, 0.0, 0.0, 0.0, 0.0, 0.0, 0.0, 0.0, 0.0]

A : [1, 6, 1, 2, 7, 1, 2, 8, 2, 9, 2, 5, 10, 2, 5, 11, 2, 3, 12, 3, 13, 3, 14, 5, 15, 3, 4, 16, 4, 17, 4, 18]
    [1, 1, 2, 2, 2, 3, 3, 3, 4, 4, 5, 5, 5, 6, 6, 6, 7, 7, 7, 8, 8, 9, 9, 10, 10, 11, 11, 11, 12, 12, 13, 13]
    [4.242640687119286, 0.0, -1.7271017045521529e-16, 0.8920812041873795, 0.0, 1.7271017045521529e-16, 0.8920812041873812, 0.0, -0.2226997573489204, 0.0, -0.16334674318687106, 1.4142135623730951, 0.0, 0.23796142906444276, 7.473754171757743, 0.0, 1.4142135623730951, 1.4142135623730951, 0.0, 1.4142135623730951, 0.0, -2.9724513648955386, 0.0, 15.439614824021298, 0.0, 1.4142135623730951, 0.6488707322313666, 0.0, 1.4142135623730951, 0.0, -7.0710678118654755, 0.0]

b : [0.007934667931124326, -0.45018278814997553, 0.07998077170116118, -2.3262724773787815e-5, 0.11492313689978062, 0.0, 0.0, 0.0, 0.0, 0.0, 0.0, 0.0, 0.0, 0.0, 0.0, 0.0, 0.0, 0.0]

d : [0.0018702191668538146, 0.0, 0.0, 0.0, 2.7559948816056883, 0.0, 0.0, 0.0, 0.0, -0.24499589177656797, 0.05655494603442419, -0.025965040179517528, 0.0]

ITÉRATION 4
Jx : [1, 1, 2, 1, 2, 2, 2, 5, 2, 5, 2, 3, 3, 3, 5, 3, 4, 4, 4]
     [1, 2, 2, 3, 3, 4, 5, 5, 6, 6, 7, 7, 8, 9, 10, 11, 11, 12, 13]
     [4.242640687119286, 1.8841109504205303e-16, 0.5732366733372932, -1.8841109504205303e-16, 0.5732366733372913, -0.21093597233777903, -0.16045629672009348, 1.4142135623730951, 0.2358393817190853, 7.486007122036728, 1.4142135623730951, 1.4142135623730951, 1.4142135623730951, -2.798716578654329, 15.432732630126255, 1.4142135623730951, 0.7162100705125528, 1.4142135623730951, -7.0710678118654755]

Fx : [-0.001466914174534073, 0.07409941131313658, -0.026000389598757712, 0.0013387613133875854, -0.0006207915574797059]

sqrt_DλI : [1, 2, 3, 4, 5, 6, 7, 8, 9, 10, 11, 12, 13]
           [1, 2, 3, 4, 5, 6, 7, 8, 9, 10, 11, 12, 13]
           [1.755732953125884, 1.0, 1.0, 1.0, 1.0, 1.0, 0.5222701456737321, 0.2111570634489748, 0.44381847137925645, 1.0, 0.2094908058213202, 1.0, 1.0]

A : [1, 6, 1, 2, 7, 1, 2, 8, 2, 9, 2, 5, 10, 2, 5, 11, 2, 3, 12, 3, 13, 3, 14, 5, 15, 3, 4, 16, 4, 17, 4, 18]
    [1, 1, 2, 2, 2, 3, 3, 3, 4, 4, 5, 5, 5, 6, 6, 6, 7, 7, 7, 8, 8, 9, 9, 10, 10, 11, 11, 11, 12, 12, 13, 13]
    [4.242640687119286, 1.755732953125884, 1.8841109504205303e-16, 0.5732366733372932, 1.0, -1.8841109504205303e-16, 0.5732366733372913, 1.0, -0.21093597233777903, 1.0, -0.16045629672009348, 1.4142135623730951, 1.0, 0.2358393817190853, 7.486007122036728, 1.0, 1.4142135623730951, 1.4142135623730951, 0.5222701456737321, 1.4142135623730951, 0.2111570634489748, -2.798716578654329, 0.44381847137925645, 15.432732630126255, 1.0, 1.4142135623730951, 0.7162100705125528, 0.2094908058213202, 1.4142135623730951, 1.0, -7.0710678118654755, 1.0]

b : [0.001466914174534073, -0.07409941131313658, 0.026000389598757712, -0.0013387613133875854, 0.0006207915574797059, -0.0, -0.0, -0.0, -0.0, -0.0, -0.0, -0.0, -0.0, -0.0, -0.0, -0.0, -0.0, -0.0]

d : [0.0002952003212106721, -0.004983753559312586, -0.004983753559312568, 0.0018338898256547956, 0.0014616197712132013, -0.0016978435632119579, -0.041485837267770026, 0.021964237150555177, -0.009839216743715714, 0.0007268137621362392, 0.017945262819717468, -0.0003786714047882947, 0.0018933570239414795]

MODÈLE ALTERNÉ
Jx : [1, 1, 2, 1, 2, 2, 2, 5, 2, 5, 2, 3, 3, 3, 5, 3, 4, 4, 4]
     [1, 2, 2, 3, 3, 4, 5, 5, 6, 6, 7, 7, 8, 9, 10, 11, 11, 12, 13]
     [4.242640687119286, 1.8841109504205303e-16, 0.5732366733372932, -1.8841109504205303e-16, 0.5732366733372913, -0.21093597233777903, -0.16045629672009348, 1.4142135623730951, 0.2358393817190853, 7.486007122036728, 1.4142135623730951, 1.4142135623730951, 1.4142135623730951, -2.798716578654329, 15.432732630126255, 1.4142135623730951, 0.7162100705125528, 1.4142135623730951, -7.0710678118654755]

Fx : [-0.001466914174534073, 0.07409941131313658, -0.026000389598757712, 0.0013387613133875854, -0.0006207915574797059]

sqrt_DλI : [1, 2, 3, 4, 5, 6, 7, 8, 9, 10, 11, 12, 13]
           [1, 2, 3, 4, 5, 6, 7, 8, 9, 10, 11, 12, 13]
           [0.0, 0.0, 0.0, 0.0, 0.0, 0.0, 0.0, 0.0, 0.0, 0.0, 0.0, 0.0, 0.0]

A : [1, 6, 1, 2, 7, 1, 2, 8, 2, 9, 2, 5, 10, 2, 5, 11, 2, 3, 12, 3, 13, 3, 14, 5, 15, 3, 4, 16, 4, 17, 4, 18]
    [1, 1, 2, 2, 2, 3, 3, 3, 4, 4, 5, 5, 5, 6, 6, 6, 7, 7, 7, 8, 8, 9, 9, 10, 10, 11, 11, 11, 12, 12, 13, 13]
    [4.242640687119286, 0.0, 1.8841109504205303e-16, 0.5732366733372932, 0.0, -1.8841109504205303e-16, 0.5732366733372913, 0.0, -0.21093597233777903, 0.0, -0.16045629672009348, 1.4142135623730951, 0.0, 0.2358393817190853, 7.486007122036728, 0.0, 1.4142135623730951, 1.4142135623730951, 0.0, 1.4142135623730951, 0.0, -2.798716578654329, 0.0, 15.432732630126255, 0.0, 1.4142135623730951, 0.7162100705125528, 0.0, 1.4142135623730951, 0.0, -7.0710678118654755, 0.0]

b : [0.001466914174534073, -0.07409941131313658, 0.026000389598757712, -0.0013387613133875854, 0.0006207915574797059, 0.0, 0.0, 0.0, 0.0, 0.0, 0.0, 0.0, 0.0, 0.0, 0.0, 0.0, 0.0, 0.0]

d : [0.0003457549867439032, 0.0, 0.0, 0.0, 0.46180432197309534, 0.0, 0.0, 0.0, 0.0, -0.04227826395862632, 0.018385051798773755, -0.010257517637026621, 0.0]

ITÉRATION 5
Jx : [1, 1, 2, 1, 2, 2, 2, 5, 2, 5, 2, 3, 3, 3, 5, 3, 4, 4, 4]
     [1, 2, 2, 3, 3, 4, 5, 5, 6, 6, 7, 7, 8, 9, 10, 11, 11, 12, 13]
     [4.242640687119286, 1.8841109504205303e-16, 0.5591404895870832, -1.8841109504205303e-16, 0.5591404895870813, -0.20867016884315126, -0.159913684102923, 1.4142135623730951, 0.23558258803086576, 7.48703499191646, 1.4142135623730951, 1.4142135623730951, 1.4142135623730951, -2.7708870711301468, 15.430331516732373, 1.4142135623730951, 0.7563709320155534, 1.4142135623730951, -7.0710678118654755]

Fx : [-0.00021448528090120818, 0.008766996571094676, -0.0008293984403433374, 0.000629889451353288, -4.8840759627349575e-5]

sqrt_DλI : [1, 2, 3, 4, 5, 6, 7, 8, 9, 10, 11, 12, 13]
           [1, 2, 3, 4, 5, 6, 7, 8, 9, 10, 11, 12, 13]
           [1.4431401534697748, 0.12554567823027127, 0.12554567823027127, 1.0, 1.0, 1.0, 0.6040991929655555, 1.0, 1.0, 1.0, 1.0, 1.0, 1.0]

A : [1, 6, 1, 2, 7, 1, 2, 8, 2, 9, 2, 5, 10, 2, 5, 11, 2, 3, 12, 3, 13, 3, 14, 5, 15, 3, 4, 16, 4, 17, 4, 18]
    [1, 1, 2, 2, 2, 3, 3, 3, 4, 4, 5, 5, 5, 6, 6, 6, 7, 7, 7, 8, 8, 9, 9, 10, 10, 11, 11, 11, 12, 12, 13, 13]
    [4.242640687119286, 1.4431401534697748, 1.8841109504205303e-16, 0.5591404895870832, 0.12554567823027127, -1.8841109504205303e-16, 0.5591404895870813, 0.12554567823027127, -0.20867016884315126, 1.0, -0.159913684102923, 1.4142135623730951, 1.0, 0.23558258803086576, 7.48703499191646, 1.0, 1.4142135623730951, 1.4142135623730951, 0.6040991929655555, 1.4142135623730951, 1.0, -2.7708870711301468, 1.0, 15.430331516732373, 1.0, 1.4142135623730951, 0.7563709320155534, 1.0, 1.4142135623730951, 1.0, -7.0710678118654755, 1.0]

b : [0.00021448528090120818, -0.008766996571094676, 0.0008293984403433374, -0.000629889451353288, 4.8840759627349575e-5, -0.0, -0.0, -0.0, -0.0, -0.0, -0.0, -0.0, -0.0, -0.0, -0.0, -0.0, -0.0, -0.0]

d : [4.5311939451817094e-5, -0.007173916377207817, -0.007173916377207801, 4.2198719187284905e-5, 3.4051211664941016e-5, -3.857564700749167e-5, -0.0003669720367656242, 0.00015207076324260922, -0.0002979542291043839, 1.8683426744907732e-5, 0.00014155354759288636, -1.9664411177999906e-5, 9.832205588999962e-5]

MODÈLE ALTERNÉ
Jx : [1, 1, 2, 1, 2, 2, 2, 5, 2, 5, 2, 3, 3, 3, 5, 3, 4, 4, 4]
     [1, 2, 2, 3, 3, 4, 5, 5, 6, 6, 7, 7, 8, 9, 10, 11, 11, 12, 13]
     [4.242640687119286, 1.8841109504205303e-16, 0.5591404895870832, -1.8841109504205303e-16, 0.5591404895870813, -0.20867016884315126, -0.159913684102923, 1.4142135623730951, 0.23558258803086576, 7.48703499191646, 1.4142135623730951, 1.4142135623730951, 1.4142135623730951, -2.7708870711301468, 15.430331516732373, 1.4142135623730951, 0.7563709320155534, 1.4142135623730951, -7.0710678118654755]

Fx : [-0.00021448528090120818, 0.008766996571094676, -0.0008293984403433374, 0.000629889451353288, -4.8840759627349575e-5]

sqrt_DλI : [1, 2, 3, 4, 5, 6, 7, 8, 9, 10, 11, 12, 13]
           [1, 2, 3, 4, 5, 6, 7, 8, 9, 10, 11, 12, 13]
           [0.0, 0.0, 0.0, 0.0, 0.0, 0.0, 0.0, 0.0, 0.0, 0.0, 0.0, 0.0, 0.0]

A : [1, 6, 1, 2, 7, 1, 2, 8, 2, 9, 2, 5, 10, 2, 5, 11, 2, 3, 12, 3, 13, 3, 14, 5, 15, 3, 4, 16, 4, 17, 4, 18]
    [1, 1, 2, 2, 2, 3, 3, 3, 4, 4, 5, 5, 5, 6, 6, 6, 7, 7, 7, 8, 8, 9, 9, 10, 10, 11, 11, 11, 12, 12, 13, 13]
    [4.242640687119286, 0.0, 1.8841109504205303e-16, 0.5591404895870832, 0.0, -1.8841109504205303e-16, 0.5591404895870813, 0.0, -0.20867016884315126, 0.0, -0.159913684102923, 1.4142135623730951, 0.0, 0.23558258803086576, 7.48703499191646, 0.0, 1.4142135623730951, 1.4142135623730951, 0.0, 1.4142135623730951, 0.0, -2.7708870711301468, 0.0, 15.430331516732373, 0.0, 1.4142135623730951, 0.7563709320155534, 0.0, 1.4142135623730951, 0.0, -7.0710678118654755, 0.0]

b : [0.00021448528090120818, -0.008766996571094676, 0.0008293984403433374, -0.000629889451353288, 4.8840759627349575e-5, 0.0, 0.0, 0.0, 0.0, 0.0, 0.0, 0.0, 0.0, 0.0, 0.0, 0.0, 0.0, 0.0]

d : [5.0554665529981925e-5, 0.0, 0.0, 0.0, 0.05482330433618237, 0.0, 0.0, 0.0, 0.0, -0.005021474728698362, 0.00058647326147232, -0.0007590655381171519, 0.0]

ITÉRATION 6
Jx : [1, 1, 2, 1, 2, 2, 2, 5, 2, 5, 2, 3, 3, 3, 5, 3, 4, 4, 4]
     [1, 2, 2, 3, 3, 4, 5, 5, 6, 6, 7, 7, 8, 9, 10, 11, 11, 12, 13]
     [4.242640687119286, 1.8841109504205303e-16, 0.5591404895870832, -1.8841109504205303e-16, 0.5591404895870813, -0.20867016884315126, -0.15107900366674734, 1.4142135623730951, 0.22622691583921495, 7.479933554252021, 1.4142135623730951, 1.4142135623730951, 1.4142135623730951, -2.7708870711301468, 15.430331516732373, 1.4142135623730951, 0.7576632421433693, 1.4142135623730951, -7.0710678118654755]

Fx : [6.275350074315779e-32, 0.00024498913586074164, 0.0, 3.7901579263568647e-7, 1.0048591735576161e-14]

sqrt_DλI : [1, 2, 3, 4, 5, 6, 7, 8, 9, 10, 11, 12, 13]
           [1, 2, 3, 4, 5, 6, 7, 8, 9, 10, 11, 12, 13]
           [0.0, 0.0, 0.0, 0.0, 0.0, 0.0, 0.0, 0.0, 0.0, 0.0, 0.0, 0.0, 0.0]

A : [1, 6, 1, 2, 7, 1, 2, 8, 2, 9, 2, 5, 10, 2, 5, 11, 2, 3, 12, 3, 13, 3, 14, 5, 15, 3, 4, 16, 4, 17, 4, 18]
    [1, 1, 2, 2, 2, 3, 3, 3, 4, 4, 5, 5, 5, 6, 6, 6, 7, 7, 7, 8, 8, 9, 9, 10, 10, 11, 11, 11, 12, 12, 13, 13]
    [4.242640687119286, 0.0, 1.8841109504205303e-16, 0.5591404895870832, 0.0, -1.8841109504205303e-16, 0.5591404895870813, 0.0, -0.20867016884315126, 0.0, -0.15107900366674734, 1.4142135623730951, 0.0, 0.22622691583921495, 7.479933554252021, 0.0, 1.4142135623730951, 1.4142135623730951, 0.0, 1.4142135623730951, 0.0, -2.7708870711301468, 0.0, 15.430331516732373, 0.0, 1.4142135623730951, 0.7576632421433693, 0.0, 1.4142135623730951, 0.0, -7.0710678118654755, 0.0]

b : [-6.275350074315779e-32, -0.00024498913586074164, -0.0, -3.7901579263568647e-7, -1.0048591735576161e-14, -0.0, -0.0, -0.0, -0.0, -0.0, -0.0, -0.0, -0.0, -0.0, -0.0, -0.0, -0.0, -0.0]

d : [-1.479114197289397e-32, 0.0, 0.0, 0.0, 0.0016215961842132802, 0.0, 0.0, 0.0, 0.0, -0.00014862177873042678, 0.0, -2.680046371494882e-7, 0.0]

ITÉRATION 0
Jx : [1, 1, 2, 1, 2, 2, 2, 5, 2, 5, 2, 3, 3, 3, 5, 3, 4, 4, 4]
     [1, 2, 2, 3, 3, 4, 5, 5, 6, 6, 7, 7, 8, 9, 10, 11, 11, 12, 13]
     [4.242640687119286, 0.0, 2.8284271247461903, 0.0, 2.8284271247461903, 16.970562748477143, -0.7067534044254388, 1.4142135623730951, 0.7067534045431721, 2.8284271247461903, 1.4142135623730951, 1.4142135623730951, 1.4142135623730951, -2.8284271247461903, 15.556349186104047, 1.4142135623730951, 1.4142135623730951, 1.4142135623730951, -7.0710678118654755]

Fx : [-80.61017305526643, 10.606248341154838, 2.8284271247461903, 23.607675141438072, -52.32590180780452]

sqrt_DλI : [1, 2, 3, 4, 5, 6, 7, 8, 9, 10, 11, 12, 13]
           [1, 2, 3, 4, 5, 6, 7, 8, 9, 10, 11, 12, 13]
           [1.0, 1.0, 1.0, 1.0, 1.0, 1.0, 1.0, 1.0, 1.0, 1.0, 1.0, 1.0, 1.0]

A : [1, 6, 2, 7, 2, 8, 2, 9, 2, 5, 10, 2, 5, 11, 2, 3, 12, 3, 13, 3, 14, 5, 15, 3, 4, 16, 4, 17, 4, 18]
    [1, 1, 2, 2, 3, 3, 4, 4, 5, 5, 5, 6, 6, 6, 7, 7, 7, 8, 8, 9, 9, 10, 10, 11, 11, 11, 12, 12, 13, 13]
    [4.242640687119286, 1.0, 2.8284271247461903, 1.0, 2.8284271247461903, 1.0, 16.970562748477143, 1.0, -0.7067534044254388, 1.4142135623730951, 1.0, 0.7067534045431721, 2.8284271247461903, 1.0, 1.4142135623730951, 1.4142135623730951, 1.0, 1.4142135623730951, 1.0, -2.8284271247461903, 1.0, 15.556349186104047, 1.0, 1.4142135623730951, 1.4142135623730951, 1.0, 1.4142135623730951, 1.0, -7.0710678118654755, 1.0]

b : [80.61017305526643, -10.606248341154838, -2.8284271247461903, -23.607675141438072, 52.32590180780452, -0.0, -0.0, -0.0, -0.0, -0.0, -0.0, -0.0, -0.0, -0.0, -0.0, -0.0, -0.0, -0.0]

d : [18.000000000000004, -0.09695977168185343, -0.09695977168185275, -0.5817586300911153, 0.3169094719210328, 0.5611354568262052, -0.22861950074379866, -0.18013961490287322, 0.3602792298057445, 3.219498072088001, -0.7806126172904027, -0.6004730023875277, 3.0023650119376497]

MODÈLE ALTERNÉ
Jx : [1, 1, 2, 1, 2, 2, 2, 5, 2, 5, 2, 3, 3, 3, 5, 3, 4, 4, 4]
     [1, 2, 2, 3, 3, 4, 5, 5, 6, 6, 7, 7, 8, 9, 10, 11, 11, 12, 13]
     [4.242640687119286, 0.0, 2.8284271247461903, 0.0, 2.8284271247461903, 16.970562748477143, -0.7067534044254388, 1.4142135623730951, 0.7067534045431721, 2.8284271247461903, 1.4142135623730951, 1.4142135623730951, 1.4142135623730951, -2.8284271247461903, 15.556349186104047, 1.4142135623730951, 1.4142135623730951, 1.4142135623730951, -7.0710678118654755]

Fx : [-80.61017305526643, 10.606248341154838, 2.8284271247461903, 23.607675141438072, -52.32590180780452]

sqrt_DλI : [1, 2, 3, 4, 5, 6, 7, 8, 9, 10, 11, 12, 13]
           [1, 2, 3, 4, 5, 6, 7, 8, 9, 10, 11, 12, 13]
           [0.0, 0.0, 0.0, 0.0, 0.0, 0.0, 0.0, 0.0, 0.0, 0.0, 0.0, 0.0, 0.0]

A : [1, 6, 2, 7, 2, 8, 2, 9, 2, 5, 10, 2, 5, 11, 2, 3, 12, 3, 13, 3, 14, 5, 15, 3, 4, 16, 4, 17, 4, 18]
    [1, 1, 2, 2, 3, 3, 4, 4, 5, 5, 5, 6, 6, 6, 7, 7, 7, 8, 8, 9, 9, 10, 10, 11, 11, 11, 12, 12, 13, 13]
    [4.242640687119286, 0.0, 2.8284271247461903, 0.0, 2.8284271247461903, 0.0, 16.970562748477143, 0.0, -0.7067534044254388, 1.4142135623730951, 0.0, 0.7067534045431721, 2.8284271247461903, 0.0, 1.4142135623730951, 1.4142135623730951, 0.0, 1.4142135623730951, 0.0, -2.8284271247461903, 0.0, 15.556349186104047, 0.0, 1.4142135623730951, 1.4142135623730951, 0.0, 1.4142135623730951, 0.0, -7.0710678118654755, 0.0]

b : [80.61017305526643, -10.606248341154838, -2.8284271247461903, -23.607675141438072, 52.32590180780452, 0.0, 0.0, 0.0, 0.0, 0.0, 0.0, 0.0, 0.0, 0.0, 0.0, 0.0, 0.0, 0.0]

d : [19.0, 0.0, 0.0, 0.0, 15.00700000133325, 0.0, 0.0, 0.0, 0.0, 1.9993636362424316, -2.0, -14.693147180559947, 0.0]

ITÉRATION 1
Jx : [1, 1, 2, 1, 2, 2, 2, 5, 2, 5, 2, 3, 3, 3, 5, 3, 4, 4, 4]
     [1, 2, 2, 3, 3, 4, 5, 5, 6, 6, 7, 7, 8, 9, 10, 11, 11, 12, 13]
     [4.242640687119286, -1.8841109504205303e-16, 2.5541834765120384, 1.8841109504205303e-16, 2.5541834765120406, 3.081122620346701, -0.7773408705890048, 1.4142135623730951, 0.5169726500191698, 7.381484962327074, 1.4142135623730951, 1.4142135623730951, 1.4142135623730951, -3.847450670811424, 16.349914559476087, 1.4142135623730951, 0.592026500944832, 1.4142135623730951, -7.0710678118654755]

Fx : [-4.242640687119265, 4.702078812198923, -0.05618856590699577, 0.6147732695620814, 2.347925015211593]

sqrt_DλI : [1, 2, 3, 4, 5, 6, 7, 8, 9, 10, 11, 12, 13]
           [1, 2, 3, 4, 5, 6, 7, 8, 9, 10, 11, 12, 13]
           [0.39268282980170394, 1.0, 1.0, 1.0, 1.0, 1.0, 1.0, 1.0, 1.0, 1.0, 1.0, 1.0, 1.0]

A : [1, 6, 1, 2, 7, 1, 2, 8, 2, 9, 2, 5, 10, 2, 5, 11, 2, 3, 12, 3, 13, 3, 14, 5, 15, 3, 4, 16, 4, 17, 4, 18]
    [1, 1, 2, 2, 2, 3, 3, 3, 4, 4, 5, 5, 5, 6, 6, 6, 7, 7, 7, 8, 8, 9, 9, 10, 10, 11, 11, 11, 12, 12, 13, 13]
    [4.242640687119286, 0.39268282980170394, -1.8841109504205303e-16, 2.5541834765120384, 1.0, 1.8841109504205303e-16, 2.5541834765120406, 1.0, 3.081122620346701, 1.0, -0.7773408705890048, 1.4142135623730951, 1.0, 0.5169726500191698, 7.381484962327074, 1.0, 1.4142135623730951, 1.4142135623730951, 1.0, 1.4142135623730951, 1.0, -3.847450670811424, 1.0, 16.349914559476087, 1.0, 1.4142135623730951, 0.592026500944832, 1.0, 1.4142135623730951, 1.0, -7.0710678118654755, 1.0]

b : [4.242640687119265, -4.702078812198923, 0.05618856590699577, -0.6147732695620814, -2.347925015211593, -0.0, -0.0, -0.0, -0.0, -0.0, -0.0, -0.0, -0.0, -0.0, -0.0, -0.0, -0.0, -0.0]

d : [0.9915061084223491, -0.45696153806307954, -0.45696153806307893, -0.5512346879157085, 0.13096508704317403, -0.134803017906321, -0.2255167498508845, 0.027496085974901652, -0.07480470930522364, -0.09372274420705716, 0.02049335214741152, -0.01672790176912759, 0.08363950884563766]

ITÉRATION 2
Jx : [1, 1, 2, 1, 2, 2, 2, 5, 2, 5, 2, 3, 3, 3, 5, 3, 4, 4, 4]
     [1, 2, 2, 3, 3, 4, 5, 5, 6, 6, 7, 7, 8, 9, 10, 11, 11, 12, 13]
     [4.242640687119286, -3.6112126549726834e-16, 1.2617010672886857, 3.6112126549726834e-16, 1.2617010672886892, -0.23938736610720845, -0.6088959460072534, 1.4142135623730951, 0.45652358480634614, 7.2489409863666285, 1.4142135623730951, 1.4142135623730951, 1.4142135623730951, -3.635871001953776, 16.159274303304144, 1.4142135623730951, 0.6415676021564977, 1.4142135623730951, -7.0710678118654755]

Fx : [-0.036036529999309605, 2.0047429455861168, -0.02735624666083775, 0.01233839760148594, 0.023599635853355967]

sqrt_DλI : [1, 2, 3, 4, 5, 6, 7, 8, 9, 10, 11, 12, 13]
           [1, 2, 3, 4, 5, 6, 7, 8, 9, 10, 11, 12, 13]
           [2.2544109317593315, 1.1221335201000542, 1.1221335201000529, 1.3536345386397095, 0.32160324642832483, 0.3310278270781937, 0.5537881928188967, 1.0, 0.18369351637017745, 0.23014941983144466, 1.0, 1.0, 0.20538861296339334]

A : [1, 6, 1, 2, 7, 1, 2, 8, 2, 9, 2, 5, 10, 2, 5, 11, 2, 3, 12, 3, 13, 3, 14, 5, 15, 3, 4, 16, 4, 17, 4, 18]
    [1, 1, 2, 2, 2, 3, 3, 3, 4, 4, 5, 5, 5, 6, 6, 6, 7, 7, 7, 8, 8, 9, 9, 10, 10, 11, 11, 11, 12, 12, 13, 13]
    [4.242640687119286, 2.2544109317593315, -3.6112126549726834e-16, 1.2617010672886857, 1.1221335201000542, 3.6112126549726834e-16, 1.2617010672886892, 1.1221335201000529, -0.23938736610720845, 1.3536345386397095, -0.6088959460072534, 1.4142135623730951, 0.32160324642832483, 0.45652358480634614, 7.2489409863666285, 0.3310278270781937, 1.4142135623730951, 1.4142135623730951, 0.5537881928188967, 1.4142135623730951, 1.0, -3.635871001953776, 0.18369351637017745, 16.159274303304144, 0.23014941983144466, 1.4142135623730951, 0.6415676021564977, 1.0, 1.4142135623730951, 1.0, -7.0710678118654755, 0.20538861296339334]

b : [0.036036529999309605, -2.0047429455861168, 0.02735624666083775, -0.01233839760148594, -0.023599635853355967, 0.0, 0.0, 0.0, 0.0, 0.0, 0.0, 0.0, 0.0, 0.0, 0.0, 0.0, 0.0, 0.0]

d : [0.006623672410791614, -0.1306803558300885, -0.13068035583008913, 0.01703888930762142, 0.7749196609377976, -0.508876097946081, -0.5913717630979995, 0.0030784883602275686, -0.234554262068099, 0.158966927890205, 0.00307076295266226, -1.702918931220149e-5, 0.0020184186660103407]

ITÉRATION 3
Jx : [1, 1, 2, 1, 2, 2, 2, 5, 2, 5, 2, 3, 3, 3, 5, 3, 4, 4, 4]
     [1, 2, 2, 3, 3, 4, 5, 5, 6, 6, 7, 7, 8, 9, 10, 11, 11, 12, 13]
     [4.242640687119286, -1.7271017045521529e-16, 0.8920812041873795, 1.7271017045521529e-16, 0.8920812041873812, -0.2226997573489204, -0.16334674318687106, 1.4142135623730951, 0.23796142906444276, 7.473754171757743, 1.4142135623730951, 1.4142135623730951, 1.4142135623730951, -2.9724513648955386, 15.439614824021298, 1.4142135623730951, 0.6488707322313666, 1.4142135623730951, -7.0710678118654755]

Fx : [-0.007934667931124326, 0.45018278814997553, -0.07998077170116118, 2.3262724773787815e-5, -0.11492313689978062]

sqrt_DλI : [1, 2, 3, 4, 5, 6, 7, 8, 9, 10, 11, 12, 13]
           [1, 2, 3, 4, 5, 6, 7, 8, 9, 10, 11, 12, 13]
           [2.0205140124561094, 0.5489169161083424, 0.5489169161083399, 0.9127116905804951, 0.764678699658104, 1.0, 0.41154147318645834, 1.0, 1.0, 1.0, 1.0, 1.0, 1.0]

A : [1, 6, 1, 2, 7, 1, 2, 8, 2, 9, 2, 5, 10, 2, 5, 11, 2, 3, 12, 3, 13, 3, 14, 5, 15, 3, 4, 16, 4, 17, 4, 18]
    [1, 1, 2, 2, 2, 3, 3, 3, 4, 4, 5, 5, 5, 6, 6, 6, 7, 7, 7, 8, 8, 9, 9, 10, 10, 11, 11, 11, 12, 12, 13, 13]
    [4.242640687119286, 2.0205140124561094, -1.7271017045521529e-16, 0.8920812041873795, 0.5489169161083424, 1.7271017045521529e-16, 0.8920812041873812, 0.5489169161083399, -0.2226997573489204, 0.9127116905804951, -0.16334674318687106, 1.4142135623730951, 0.764678699658104, 0.23796142906444276, 7.473754171757743, 1.0, 1.4142135623730951, 1.4142135623730951, 0.41154147318645834, 1.4142135623730951, 1.0, -2.9724513648955386, 1.0, 15.439614824021298, 1.0, 1.4142135623730951, 0.6488707322313666, 1.0, 1.4142135623730951, 1.0, -7.0710678118654755, 1.0]

b : [0.007934667931124326, -0.45018278814997553, 0.07998077170116118, -2.3262724773787815e-5, 0.11492313689978062, -0.0, -0.0, -0.0, -0.0, -0.0, -0.0, -0.0, -0.0, -0.0, -0.0, -0.0, -0.0, -0.0]

d : [0.0015244641801117201, -0.11272856495416968, -0.11272856495417094, 0.010178770820577939, 0.011993623371127592, -0.00486644597262577, -0.14537939338415318, 0.029224159609978127, -0.061424522739577166, 0.008664144231811721, 0.02899354938048091, -0.0005026149246328416, 0.0025130746231642066]

MODÈLE ALTERNÉ
Jx : [1, 1, 2, 1, 2, 2, 2, 5, 2, 5, 2, 3, 3, 3, 5, 3, 4, 4, 4]
     [1, 2, 2, 3, 3, 4, 5, 5, 6, 6, 7, 7, 8, 9, 10, 11, 11, 12, 13]
     [4.242640687119286, -1.7271017045521529e-16, 0.8920812041873795, 1.7271017045521529e-16, 0.8920812041873812, -0.2226997573489204, -0.16334674318687106, 1.4142135623730951, 0.23796142906444276, 7.473754171757743, 1.4142135623730951, 1.4142135623730951, 1.4142135623730951, -2.9724513648955386, 15.439614824021298, 1.4142135623730951, 0.6488707322313666, 1.4142135623730951, -7.0710678118654755]

Fx : [-0.007934667931124326, 0.45018278814997553, -0.07998077170116118, 2.3262724773787815e-5, -0.11492313689978062]

sqrt_DλI : [1, 2, 3, 4, 5, 6, 7, 8, 9, 10, 11, 12, 13]
           [1, 2, 3, 4, 5, 6, 7, 8, 9, 10, 11, 12, 13]
           [0.0, 0.0, 0.0, 0.0, 0.0, 0.0, 0.0, 0.0, 0.0, 0.0, 0.0, 0.0, 0.0]

A : [1, 6, 1, 2, 7, 1, 2, 8, 2, 9, 2, 5, 10, 2, 5, 11, 2, 3, 12, 3, 13, 3, 14, 5, 15, 3, 4, 16, 4, 17, 4, 18]
    [1, 1, 2, 2, 2, 3, 3, 3, 4, 4, 5, 5, 5, 6, 6, 6, 7, 7, 7, 8, 8, 9, 9, 10, 10, 11, 11, 11, 12, 12, 13, 13]
    [4.242640687119286, 0.0, -1.7271017045521529e-16, 0.8920812041873795, 0.0, 1.7271017045521529e-16, 0.8920812041873812, 0.0, -0.2226997573489204, 0.0, -0.16334674318687106, 1.4142135623730951, 0.0, 0.23796142906444276, 7.473754171757743, 0.0, 1.4142135623730951, 1.4142135623730951, 0.0, 1.4142135623730951, 0.0, -2.9724513648955386, 0.0, 15.439614824021298, 0.0, 1.4142135623730951, 0.6488707322313666, 0.0, 1.4142135623730951, 0.0, -7.0710678118654755, 0.0]

b : [0.007934667931124326, -0.45018278814997553, 0.07998077170116118, -2.3262724773787815e-5, 0.11492313689978062, 0.0, 0.0, 0.0, 0.0, 0.0, 0.0, 0.0, 0.0, 0.0, 0.0, 0.0, 0.0, 0.0]

d : [0.0018702191668538146, 0.0, 0.0, 0.0, 2.7559948816056883, 0.0, 0.0, 0.0, 0.0, -0.24499589177656797, 0.05655494603442419, -0.025965040179517528, 0.0]

ITÉRATION 4
Jx : [1, 1, 2, 1, 2, 2, 2, 5, 2, 5, 2, 3, 3, 3, 5, 3, 4, 4, 4]
     [1, 2, 2, 3, 3, 4, 5, 5, 6, 6, 7, 7, 8, 9, 10, 11, 11, 12, 13]
     [4.242640687119286, 1.8841109504205303e-16, 0.5732366733372932, -1.8841109504205303e-16, 0.5732366733372913, -0.21093597233777903, -0.16045629672009348, 1.4142135623730951, 0.2358393817190853, 7.486007122036728, 1.4142135623730951, 1.4142135623730951, 1.4142135623730951, -2.798716578654329, 15.432732630126255, 1.4142135623730951, 0.7162100705125528, 1.4142135623730951, -7.0710678118654755]

Fx : [-0.001466914174534073, 0.07409941131313658, -0.026000389598757712, 0.0013387613133875854, -0.0006207915574797059]

sqrt_DλI : [1, 2, 3, 4, 5, 6, 7, 8, 9, 10, 11, 12, 13]
           [1, 2, 3, 4, 5, 6, 7, 8, 9, 10, 11, 12, 13]
           [1.755732953125884, 1.0, 1.0, 1.0, 1.0, 1.0, 0.5222701456737321, 0.2111570634489748, 0.44381847137925645, 1.0, 0.2094908058213202, 1.0, 1.0]

A : [1, 6, 1, 2, 7, 1, 2, 8, 2, 9, 2, 5, 10, 2, 5, 11, 2, 3, 12, 3, 13, 3, 14, 5, 15, 3, 4, 16, 4, 17, 4, 18]
    [1, 1, 2, 2, 2, 3, 3, 3, 4, 4, 5, 5, 5, 6, 6, 6, 7, 7, 7, 8, 8, 9, 9, 10, 10, 11, 11, 11, 12, 12, 13, 13]
    [4.242640687119286, 1.755732953125884, 1.8841109504205303e-16, 0.5732366733372932, 1.0, -1.8841109504205303e-16, 0.5732366733372913, 1.0, -0.21093597233777903, 1.0, -0.16045629672009348, 1.4142135623730951, 1.0, 0.2358393817190853, 7.486007122036728, 1.0, 1.4142135623730951, 1.4142135623730951, 0.5222701456737321, 1.4142135623730951, 0.2111570634489748, -2.798716578654329, 0.44381847137925645, 15.432732630126255, 1.0, 1.4142135623730951, 0.7162100705125528, 0.2094908058213202, 1.4142135623730951, 1.0, -7.0710678118654755, 1.0]

b : [0.001466914174534073, -0.07409941131313658, 0.026000389598757712, -0.0013387613133875854, 0.0006207915574797059, -0.0, -0.0, -0.0, -0.0, -0.0, -0.0, -0.0, -0.0, -0.0, -0.0, -0.0, -0.0, -0.0]

d : [0.0002952003212106721, -0.004983753559312586, -0.004983753559312568, 0.0018338898256547956, 0.0014616197712132013, -0.0016978435632119579, -0.041485837267770026, 0.021964237150555177, -0.009839216743715714, 0.0007268137621362392, 0.017945262819717468, -0.0003786714047882947, 0.0018933570239414795]

MODÈLE ALTERNÉ
Jx : [1, 1, 2, 1, 2, 2, 2, 5, 2, 5, 2, 3, 3, 3, 5, 3, 4, 4, 4]
     [1, 2, 2, 3, 3, 4, 5, 5, 6, 6, 7, 7, 8, 9, 10, 11, 11, 12, 13]
     [4.242640687119286, 1.8841109504205303e-16, 0.5732366733372932, -1.8841109504205303e-16, 0.5732366733372913, -0.21093597233777903, -0.16045629672009348, 1.4142135623730951, 0.2358393817190853, 7.486007122036728, 1.4142135623730951, 1.4142135623730951, 1.4142135623730951, -2.798716578654329, 15.432732630126255, 1.4142135623730951, 0.7162100705125528, 1.4142135623730951, -7.0710678118654755]

Fx : [-0.001466914174534073, 0.07409941131313658, -0.026000389598757712, 0.0013387613133875854, -0.0006207915574797059]

sqrt_DλI : [1, 2, 3, 4, 5, 6, 7, 8, 9, 10, 11, 12, 13]
           [1, 2, 3, 4, 5, 6, 7, 8, 9, 10, 11, 12, 13]
           [0.0, 0.0, 0.0, 0.0, 0.0, 0.0, 0.0, 0.0, 0.0, 0.0, 0.0, 0.0, 0.0]

A : [1, 6, 1, 2, 7, 1, 2, 8, 2, 9, 2, 5, 10, 2, 5, 11, 2, 3, 12, 3, 13, 3, 14, 5, 15, 3, 4, 16, 4, 17, 4, 18]
    [1, 1, 2, 2, 2, 3, 3, 3, 4, 4, 5, 5, 5, 6, 6, 6, 7, 7, 7, 8, 8, 9, 9, 10, 10, 11, 11, 11, 12, 12, 13, 13]
    [4.242640687119286, 0.0, 1.8841109504205303e-16, 0.5732366733372932, 0.0, -1.8841109504205303e-16, 0.5732366733372913, 0.0, -0.21093597233777903, 0.0, -0.16045629672009348, 1.4142135623730951, 0.0, 0.2358393817190853, 7.486007122036728, 0.0, 1.4142135623730951, 1.4142135623730951, 0.0, 1.4142135623730951, 0.0, -2.798716578654329, 0.0, 15.432732630126255, 0.0, 1.4142135623730951, 0.7162100705125528, 0.0, 1.4142135623730951, 0.0, -7.0710678118654755, 0.0]

b : [0.001466914174534073, -0.07409941131313658, 0.026000389598757712, -0.0013387613133875854, 0.0006207915574797059, 0.0, 0.0, 0.0, 0.0, 0.0, 0.0, 0.0, 0.0, 0.0, 0.0, 0.0, 0.0, 0.0]

d : [0.0003457549867439032, 0.0, 0.0, 0.0, 0.46180432197309534, 0.0, 0.0, 0.0, 0.0, -0.04227826395862632, 0.018385051798773755, -0.010257517637026621, 0.0]

ITÉRATION 5
Jx : [1, 1, 2, 1, 2, 2, 2, 5, 2, 5, 2, 3, 3, 3, 5, 3, 4, 4, 4]
     [1, 2, 2, 3, 3, 4, 5, 5, 6, 6, 7, 7, 8, 9, 10, 11, 11, 12, 13]
     [4.242640687119286, 1.8841109504205303e-16, 0.5591404895870832, -1.8841109504205303e-16, 0.5591404895870813, -0.20867016884315126, -0.159913684102923, 1.4142135623730951, 0.23558258803086576, 7.48703499191646, 1.4142135623730951, 1.4142135623730951, 1.4142135623730951, -2.7708870711301468, 15.430331516732373, 1.4142135623730951, 0.7563709320155534, 1.4142135623730951, -7.0710678118654755]

Fx : [-0.00021448528090120818, 0.008766996571094676, -0.0008293984403433374, 0.000629889451353288, -4.8840759627349575e-5]

sqrt_DλI : [1, 2, 3, 4, 5, 6, 7, 8, 9, 10, 11, 12, 13]
           [1, 2, 3, 4, 5, 6, 7, 8, 9, 10, 11, 12, 13]
           [1.4431401534697748, 0.12554567823027127, 0.12554567823027127, 1.0, 1.0, 1.0, 0.6040991929655555, 1.0, 1.0, 1.0, 1.0, 1.0, 1.0]

A : [1, 6, 1, 2, 7, 1, 2, 8, 2, 9, 2, 5, 10, 2, 5, 11, 2, 3, 12, 3, 13, 3, 14, 5, 15, 3, 4, 16, 4, 17, 4, 18]
    [1, 1, 2, 2, 2, 3, 3, 3, 4, 4, 5, 5, 5, 6, 6, 6, 7, 7, 7, 8, 8, 9, 9, 10, 10, 11, 11, 11, 12, 12, 13, 13]
    [4.242640687119286, 1.4431401534697748, 1.8841109504205303e-16, 0.5591404895870832, 0.12554567823027127, -1.8841109504205303e-16, 0.5591404895870813, 0.12554567823027127, -0.20867016884315126, 1.0, -0.159913684102923, 1.4142135623730951, 1.0, 0.23558258803086576, 7.48703499191646, 1.0, 1.4142135623730951, 1.4142135623730951, 0.6040991929655555, 1.4142135623730951, 1.0, -2.7708870711301468, 1.0, 15.430331516732373, 1.0, 1.4142135623730951, 0.7563709320155534, 1.0, 1.4142135623730951, 1.0, -7.0710678118654755, 1.0]

b : [0.00021448528090120818, -0.008766996571094676, 0.0008293984403433374, -0.000629889451353288, 4.8840759627349575e-5, -0.0, -0.0, -0.0, -0.0, -0.0, -0.0, -0.0, -0.0, -0.0, -0.0, -0.0, -0.0, -0.0]

d : [4.5311939451817094e-5, -0.007173916377207817, -0.007173916377207801, 4.2198719187284905e-5, 3.4051211664941016e-5, -3.857564700749167e-5, -0.0003669720367656242, 0.00015207076324260922, -0.0002979542291043839, 1.8683426744907732e-5, 0.00014155354759288636, -1.9664411177999906e-5, 9.832205588999962e-5]

MODÈLE ALTERNÉ
Jx : [1, 1, 2, 1, 2, 2, 2, 5, 2, 5, 2, 3, 3, 3, 5, 3, 4, 4, 4]
     [1, 2, 2, 3, 3, 4, 5, 5, 6, 6, 7, 7, 8, 9, 10, 11, 11, 12, 13]
     [4.242640687119286, 1.8841109504205303e-16, 0.5591404895870832, -1.8841109504205303e-16, 0.5591404895870813, -0.20867016884315126, -0.159913684102923, 1.4142135623730951, 0.23558258803086576, 7.48703499191646, 1.4142135623730951, 1.4142135623730951, 1.4142135623730951, -2.7708870711301468, 15.430331516732373, 1.4142135623730951, 0.7563709320155534, 1.4142135623730951, -7.0710678118654755]

Fx : [-0.00021448528090120818, 0.008766996571094676, -0.0008293984403433374, 0.000629889451353288, -4.8840759627349575e-5]

sqrt_DλI : [1, 2, 3, 4, 5, 6, 7, 8, 9, 10, 11, 12, 13]
           [1, 2, 3, 4, 5, 6, 7, 8, 9, 10, 11, 12, 13]
           [0.0, 0.0, 0.0, 0.0, 0.0, 0.0, 0.0, 0.0, 0.0, 0.0, 0.0, 0.0, 0.0]

A : [1, 6, 1, 2, 7, 1, 2, 8, 2, 9, 2, 5, 10, 2, 5, 11, 2, 3, 12, 3, 13, 3, 14, 5, 15, 3, 4, 16, 4, 17, 4, 18]
    [1, 1, 2, 2, 2, 3, 3, 3, 4, 4, 5, 5, 5, 6, 6, 6, 7, 7, 7, 8, 8, 9, 9, 10, 10, 11, 11, 11, 12, 12, 13, 13]
    [4.242640687119286, 0.0, 1.8841109504205303e-16, 0.5591404895870832, 0.0, -1.8841109504205303e-16, 0.5591404895870813, 0.0, -0.20867016884315126, 0.0, -0.159913684102923, 1.4142135623730951, 0.0, 0.23558258803086576, 7.48703499191646, 0.0, 1.4142135623730951, 1.4142135623730951, 0.0, 1.4142135623730951, 0.0, -2.7708870711301468, 0.0, 15.430331516732373, 0.0, 1.4142135623730951, 0.7563709320155534, 0.0, 1.4142135623730951, 0.0, -7.0710678118654755, 0.0]

b : [0.00021448528090120818, -0.008766996571094676, 0.0008293984403433374, -0.000629889451353288, 4.8840759627349575e-5, 0.0, 0.0, 0.0, 0.0, 0.0, 0.0, 0.0, 0.0, 0.0, 0.0, 0.0, 0.0, 0.0]

d : [5.0554665529981925e-5, 0.0, 0.0, 0.0, 0.05482330433618237, 0.0, 0.0, 0.0, 0.0, -0.005021474728698362, 0.00058647326147232, -0.0007590655381171519, 0.0]

ITÉRATION 6
Jx : [1, 1, 2, 1, 2, 2, 2, 5, 2, 5, 2, 3, 3, 3, 5, 3, 4, 4, 4]
     [1, 2, 2, 3, 3, 4, 5, 5, 6, 6, 7, 7, 8, 9, 10, 11, 11, 12, 13]
     [4.242640687119286, 1.8841109504205303e-16, 0.5591404895870832, -1.8841109504205303e-16, 0.5591404895870813, -0.20867016884315126, -0.15107900366674734, 1.4142135623730951, 0.22622691583921495, 7.479933554252021, 1.4142135623730951, 1.4142135623730951, 1.4142135623730951, -2.7708870711301468, 15.430331516732373, 1.4142135623730951, 0.7576632421433693, 1.4142135623730951, -7.0710678118654755]

Fx : [6.275350074315779e-32, 0.00024498913586074164, 0.0, 3.7901579263568647e-7, 1.0048591735576161e-14]

sqrt_DλI : [1, 2, 3, 4, 5, 6, 7, 8, 9, 10, 11, 12, 13]
           [1, 2, 3, 4, 5, 6, 7, 8, 9, 10, 11, 12, 13]
           [0.0, 0.0, 0.0, 0.0, 0.0, 0.0, 0.0, 0.0, 0.0, 0.0, 0.0, 0.0, 0.0]

A : [1, 6, 1, 2, 7, 1, 2, 8, 2, 9, 2, 5, 10, 2, 5, 11, 2, 3, 12, 3, 13, 3, 14, 5, 15, 3, 4, 16, 4, 17, 4, 18]
    [1, 1, 2, 2, 2, 3, 3, 3, 4, 4, 5, 5, 5, 6, 6, 6, 7, 7, 7, 8, 8, 9, 9, 10, 10, 11, 11, 11, 12, 12, 13, 13]
    [4.242640687119286, 0.0, 1.8841109504205303e-16, 0.5591404895870832, 0.0, -1.8841109504205303e-16, 0.5591404895870813, 0.0, -0.20867016884315126, 0.0, -0.15107900366674734, 1.4142135623730951, 0.0, 0.22622691583921495, 7.479933554252021, 0.0, 1.4142135623730951, 1.4142135623730951, 0.0, 1.4142135623730951, 0.0, -2.7708870711301468, 0.0, 15.430331516732373, 0.0, 1.4142135623730951, 0.7576632421433693, 0.0, 1.4142135623730951, 0.0, -7.0710678118654755, 0.0]

b : [-6.275350074315779e-32, -0.00024498913586074164, -0.0, -3.7901579263568647e-7, -1.0048591735576161e-14, -0.0, -0.0, -0.0, -0.0, -0.0, -0.0, -0.0, -0.0, -0.0, -0.0, -0.0, -0.0, -0.0]

d : [-1.479114197289397e-32, 0.0, 0.0, 0.0, 0.0016215961842132802, 0.0, 0.0, 0.0, 0.0, -0.00014862177873042678, 0.0, -2.680046371494882e-7, 0.0]

