ITÉRATION 0
d : [18.000000000000004, -0.09695977168185664, -0.09695977168185502, -0.5817586300911144, 0.3169094719210333, 0.5611354568262049, -0.22861950074379697, -0.18013961490287625, 0.36027922980574323, 3.2194980720880007, -0.7806126172904034, -0.6004730023875297, 3.0023650119376497]

MODÈLE ALTERNÉ
Jx : [1, 1, 2, 1, 2, 2, 2, 5, 2, 5, 2, 3, 3, 3, 5, 3, 4, 4, 4]
     [1, 2, 2, 3, 3, 4, 5, 5, 6, 6, 7, 7, 8, 9, 10, 11, 11, 12, 13]
     [4.242640687119286, 0.0, 2.8284271247461903, 0.0, 2.8284271247461903, 16.970562748477143, -0.7067534044254388, 1.4142135623730951, 0.7067534045431721, 2.8284271247461903, 1.4142135623730951, 1.4142135623730951, 1.4142135623730951, -2.8284271247461903, 15.556349186104047, 1.4142135623730951, 1.4142135623730951, 1.4142135623730951, -7.0710678118654755]

Fx : [-80.61017305526643, 10.606248341154838, 2.8284271247461903, 23.607675141438072, -52.32590180780452]

sqrt_DλI : [1, 2, 3, 4, 5, 6, 7, 8, 9, 10, 11, 12, 13]
           [1, 2, 3, 4, 5, 6, 7, 8, 9, 10, 11, 12, 13]
           [0.0, 0.0, 0.0, 0.0, 0.0, 0.0, 0.0, 0.0, 0.0, 0.0, 0.0, 0.0, 0.0]

A : [1, 6, 2, 7, 2, 8, 2, 9, 2, 5, 10, 2, 5, 11, 2, 3, 12, 3, 13, 3, 14, 5, 15, 3, 4, 16, 4, 17, 4, 18]
    [1, 1, 2, 2, 3, 3, 4, 4, 5, 5, 5, 6, 6, 6, 7, 7, 7, 8, 8, 9, 9, 10, 10, 11, 11, 11, 12, 12, 13, 13]
    [4.242640687119286, 0.0, 2.8284271247461903, 0.0, 2.8284271247461903, 0.0, 16.970562748477143, 0.0, -0.7067534044254388, 1.4142135623730951, 0.0, 0.7067534045431721, 2.8284271247461903, 0.0, 1.4142135623730951, 1.4142135623730951, 0.0, 1.4142135623730951, 0.0, -2.8284271247461903, 0.0, 15.556349186104047, 0.0, 1.4142135623730951, 1.4142135623730951, 0.0, 1.4142135623730951, 0.0, -7.0710678118654755, 0.0]

b : [80.61017305526643, -10.606248341154838, -2.8284271247461903, -23.607675141438072, 52.32590180780452, 0.0, 0.0, 0.0, 0.0, 0.0, 0.0, 0.0, 0.0, 0.0, 0.0, 0.0, 0.0, 0.0]

d : [19.0, NaN, NaN, NaN, NaN, NaN, Inf, NaN, NaN, NaN, NaN, NaN, NaN]

ITÉRATION 1
Jx : [1, 1, 2, 1, 2, 2, 2, 5, 2, 5, 2, 3, 3, 3, 5, 3, 4, 4, 4]
     [1, 2, 2, 3, 3, 4, 5, 5, 6, 6, 7, 7, 8, 9, 10, 11, 11, 12, 13]
     [4.242640687119286, -4.710277376051326e-16, 2.5541834765120295, 4.710277376051326e-16, 2.554183476512034, 3.0811226203467124, -0.7773408705890045, 1.4142135623730951, 0.5169726500191696, 7.381484962327074, 1.4142135623730951, 1.4142135623730951, 1.4142135623730951, -3.8474506708114204, 16.349914559476087, 1.4142135623730951, 0.5920265009448302, 1.4142135623730951, -7.0710678118654755]

Fx : [-4.242640687119265, 4.702078812198915, -0.056188565906993414, 0.6147732695620763, 2.347925015211593]

sqrt_DλI : [1, 2, 3, 4, 5, 6, 7, 8, 9, 10, 11, 12, 13]
           [1, 2, 3, 4, 5, 6, 7, 8, 9, 10, 11, 12, 13]
           [0.3926828298017034, 1.0, 1.0, 1.0, 1.0, 1.0, 1.0, 1.0, 1.0, 1.0, 1.0, 1.0, 1.0]

A : [1, 6, 1, 2, 7, 1, 2, 8, 2, 9, 2, 5, 10, 2, 5, 11, 2, 3, 12, 3, 13, 3, 14, 5, 15, 3, 4, 16, 4, 17, 4, 18]
    [1, 1, 2, 2, 2, 3, 3, 3, 4, 4, 5, 5, 5, 6, 6, 6, 7, 7, 7, 8, 8, 9, 9, 10, 10, 11, 11, 11, 12, 12, 13, 13]
    [4.242640687119286, 0.3926828298017034, -4.710277376051326e-16, 2.5541834765120295, 1.0, 4.710277376051326e-16, 2.554183476512034, 1.0, 3.0811226203467124, 1.0, -0.7773408705890045, 1.4142135623730951, 1.0, 0.5169726500191696, 7.381484962327074, 1.0, 1.4142135623730951, 1.4142135623730951, 1.0, 1.4142135623730951, 1.0, -3.8474506708114204, 1.0, 16.349914559476087, 1.0, 1.4142135623730951, 0.5920265009448302, 1.0, 1.4142135623730951, 1.0, -7.0710678118654755, 1.0]

b : [4.242640687119265, -4.702078812198915, 0.056188565906993414, -0.6147732695620763, -2.347925015211593, -0.0, -0.0, -0.0, -0.0, -0.0, -0.0, -0.0, -0.0, -0.0, -0.0, -0.0, -0.0, -0.0]

d : [0.9915061084223492, -0.4569615380630774, -0.4569615380630776, -0.5512346879157091, 0.13096508704317353, -0.13480301790632135, -0.22551674985088394, 0.02749608597490209, -0.07480470930522312, -0.09372274420705695, 0.02049335214741025, -0.016727901769127525, 0.08363950884563684]

ITÉRATION 2
Jx : [1, 1, 2, 1, 2, 2, 2, 5, 2, 5, 2, 3, 3, 3, 5, 3, 4, 4, 4]
     [1, 2, 2, 3, 3, 4, 5, 5, 6, 6, 7, 7, 8, 9, 10, 11, 11, 12, 13]
     [4.242640687119286, -4.082240392577816e-16, 1.2617010672886826, 4.082240392577816e-16, 1.2617010672886868, -0.2393873661072081, -0.6088959460072532, 1.4142135623730951, 0.45652358480634614, 7.24894098636663, 1.4142135623730951, 1.4142135623730951, 1.4142135623730951, -3.6358710019537734, 16.159274303304144, 1.4142135623730951, 0.641567602156493, 1.4142135623730951, -7.0710678118654755]

Fx : [-0.036036529999309605, 2.004742945586117, -0.027356246660837517, 0.01233839760148594, 0.023599635853366014]

sqrt_DλI : [1, 2, 3, 4, 5, 6, 7, 8, 9, 10, 11, 12, 13]
           [1, 2, 3, 4, 5, 6, 7, 8, 9, 10, 11, 12, 13]
           [2.2544109317593324, 1.1221335201000493, 1.1221335201000497, 1.3536345386397115, 0.3216032464283238, 0.3310278270781947, 0.5537881928188955, 1.0, 0.18369351637017622, 0.23014941983144224, 1.0, 1.0, 0.20538861296339117]

A : [1, 6, 1, 2, 7, 1, 2, 8, 2, 9, 2, 5, 10, 2, 5, 11, 2, 3, 12, 3, 13, 3, 14, 5, 15, 3, 4, 16, 4, 17, 4, 18]
    [1, 1, 2, 2, 2, 3, 3, 3, 4, 4, 5, 5, 5, 6, 6, 6, 7, 7, 7, 8, 8, 9, 9, 10, 10, 11, 11, 11, 12, 12, 13, 13]
    [4.242640687119286, 2.2544109317593324, -4.082240392577816e-16, 1.2617010672886826, 1.1221335201000493, 4.082240392577816e-16, 1.2617010672886868, 1.1221335201000497, -0.2393873661072081, 1.3536345386397115, -0.6088959460072532, 1.4142135623730951, 0.3216032464283238, 0.45652358480634614, 7.24894098636663, 0.3310278270781947, 1.4142135623730951, 1.4142135623730951, 0.5537881928188955, 1.4142135623730951, 1.0, -3.6358710019537734, 0.18369351637017622, 16.159274303304144, 0.23014941983144224, 1.4142135623730951, 0.641567602156493, 1.0, 1.4142135623730951, 1.0, -7.0710678118654755, 0.20538861296339117]

b : [0.036036529999309605, -2.004742945586117, 0.027356246660837517, -0.01233839760148594, -0.023599635853366014, 0.0, 0.0, 0.0, 0.0, 0.0, 0.0, 0.0, 0.0, 0.0, 0.0, 0.0, 0.0, 0.0]

d : [0.006623672410791611, -0.13068035583008872, -0.13068035583008933, 0.017038889307621072, 0.7749196609378001, -0.5088760979460782, -0.5913717630980003, 0.0030784883602273288, -0.2345542620680996, 0.15896692789020297, 0.0030707629526622077, -1.702918931229263e-5, 0.002018418666010319]

ITÉRATION 3
Jx : [1, 1, 2, 1, 2, 2, 2, 5, 2, 5, 2, 3, 3, 3, 5, 3, 4, 4, 4]
     [1, 2, 2, 3, 3, 4, 5, 5, 6, 6, 7, 7, 8, 9, 10, 11, 11, 12, 13]
     [4.242640687119286, -2.5121479338940406e-16, 0.8920812041873757, 2.5121479338940406e-16, 0.8920812041873782, -0.22269975734892042, -0.16334674318687106, 1.4142135623730951, 0.23796142906444237, 7.473754171757742, 1.4142135623730951, 1.4142135623730951, 1.4142135623730951, -2.972451364895534, 15.439614824021302, 1.4142135623730951, 0.6488707322313617, 1.4142135623730951, -7.0710678118654755]

Fx : [-0.007934667931124326, 0.4501827881499757, -0.07998077170116148, 2.3262724773787815e-5, -0.11492313689977056]

sqrt_DλI : [1, 2, 3, 4, 5, 6, 7, 8, 9, 10, 11, 12, 13]
           [1, 2, 3, 4, 5, 6, 7, 8, 9, 10, 11, 12, 13]
           [2.0205140124561103, 0.5489169161083323, 0.5489169161083335, 0.912711690580498, 0.7646786996581028, 1.0, 0.4115414731864527, 1.0, 1.0, 1.0, 1.0, 1.0, 1.0]

A : [1, 6, 1, 2, 7, 1, 2, 8, 2, 9, 2, 5, 10, 2, 5, 11, 2, 3, 12, 3, 13, 3, 14, 5, 15, 3, 4, 16, 4, 17, 4, 18]
    [1, 1, 2, 2, 2, 3, 3, 3, 4, 4, 5, 5, 5, 6, 6, 6, 7, 7, 7, 8, 8, 9, 9, 10, 10, 11, 11, 11, 12, 12, 13, 13]
    [4.242640687119286, 2.0205140124561103, -2.5121479338940406e-16, 0.8920812041873757, 0.5489169161083323, 2.5121479338940406e-16, 0.8920812041873782, 0.5489169161083335, -0.22269975734892042, 0.912711690580498, -0.16334674318687106, 1.4142135623730951, 0.7646786996581028, 0.23796142906444237, 7.473754171757742, 1.0, 1.4142135623730951, 1.4142135623730951, 0.4115414731864527, 1.4142135623730951, 1.0, -2.972451364895534, 1.0, 15.439614824021302, 1.0, 1.4142135623730951, 0.6488707322313617, 1.0, 1.4142135623730951, 1.0, -7.0710678118654755, 1.0]

b : [0.007934667931124326, -0.4501827881499757, 0.07998077170116148, -2.3262724773787815e-5, 0.11492313689977056, -0.0, -0.0, -0.0, -0.0, -0.0, -0.0, -0.0, -0.0, -0.0, -0.0, -0.0, -0.0, -0.0]

d : [0.0015244641801117204, -0.11272856495417163, -0.11272856495417156, 0.010178770820577733, 0.011993623371127514, -0.004866445972626005, -0.1453793933841526, 0.029224159609978175, -0.061424522739577055, 0.008664144231811189, 0.028993549380480942, -0.0005026149246328632, 0.0025130746231641784]

MODÈLE ALTERNÉ
Jx : [1, 1, 2, 1, 2, 2, 2, 5, 2, 5, 2, 3, 3, 3, 5, 3, 4, 4, 4]
     [1, 2, 2, 3, 3, 4, 5, 5, 6, 6, 7, 7, 8, 9, 10, 11, 11, 12, 13]
     [4.242640687119286, -2.5121479338940406e-16, 0.8920812041873757, 2.5121479338940406e-16, 0.8920812041873782, -0.22269975734892042, -0.16334674318687106, 1.4142135623730951, 0.23796142906444237, 7.473754171757742, 1.4142135623730951, 1.4142135623730951, 1.4142135623730951, -2.972451364895534, 15.439614824021302, 1.4142135623730951, 0.6488707322313617, 1.4142135623730951, -7.0710678118654755]

Fx : [-0.007934667931124326, 0.4501827881499757, -0.07998077170116148, 2.3262724773787815e-5, -0.11492313689977056]

sqrt_DλI : [1, 2, 3, 4, 5, 6, 7, 8, 9, 10, 11, 12, 13]
           [1, 2, 3, 4, 5, 6, 7, 8, 9, 10, 11, 12, 13]
           [0.0, 0.0, 0.0, 0.0, 0.0, 0.0, 0.0, 0.0, 0.0, 0.0, 0.0, 0.0, 0.0]

A : [1, 6, 1, 2, 7, 1, 2, 8, 2, 9, 2, 5, 10, 2, 5, 11, 2, 3, 12, 3, 13, 3, 14, 5, 15, 3, 4, 16, 4, 17, 4, 18]
    [1, 1, 2, 2, 2, 3, 3, 3, 4, 4, 5, 5, 5, 6, 6, 6, 7, 7, 7, 8, 8, 9, 9, 10, 10, 11, 11, 11, 12, 12, 13, 13]
    [4.242640687119286, 0.0, -2.5121479338940406e-16, 0.8920812041873757, 0.0, 2.5121479338940406e-16, 0.8920812041873782, 0.0, -0.22269975734892042, 0.0, -0.16334674318687106, 1.4142135623730951, 0.0, 0.23796142906444237, 7.473754171757742, 0.0, 1.4142135623730951, 1.4142135623730951, 0.0, 1.4142135623730951, 0.0, -2.972451364895534, 0.0, 15.439614824021302, 0.0, 1.4142135623730951, 0.6488707322313617, 0.0, 1.4142135623730951, 0.0, -7.0710678118654755, 0.0]

b : [0.007934667931124326, -0.4501827881499757, 0.07998077170116148, -2.3262724773787815e-5, 0.11492313689977056, 0.0, 0.0, 0.0, 0.0, 0.0, 0.0, 0.0, 0.0, 0.0, 0.0, 0.0, 0.0, 0.0]

d : [NaN, NaN, NaN, NaN, NaN, NaN, NaN, NaN, NaN, NaN, NaN, NaN, NaN]

ITÉRATION 4
Jx : [1, 1, 2, 1, 2, 2, 2, 5, 2, 5, 2, 3, 3, 3, 5, 3, 4, 4, 4]
     [1, 2, 2, 3, 3, 4, 5, 5, 6, 6, 7, 7, 8, 9, 10, 11, 11, 12, 13]
     [4.242640687119286, -2.747661802696607e-16, 0.5732366733372839, 2.747661802696607e-16, 0.5732366733372866, -0.21093597233777928, -0.16045629672009343, 1.4142135623730951, 0.23583938171908492, 7.4860071220367255, 1.4142135623730951, 1.4142135623730951, 1.4142135623730951, -2.798716578654325, 15.432732630126258, 1.4142135623730951, 0.7162100705125478, 1.4142135623730951, -7.0710678118654755]

Fx : [-0.001466914174534073, 0.07409941131313673, -0.02600038959875787, 0.0013387613133875854, -0.0006207915574998031]

sqrt_DλI : [1, 2, 3, 4, 5, 6, 7, 8, 9, 10, 11, 12, 13]
           [1, 2, 3, 4, 5, 6, 7, 8, 9, 10, 11, 12, 13]
           [1.755732953125885, 1.0, 1.0, 1.0, 1.0, 1.0, 0.5222701456737276, 0.21115706344897586, 0.44381847137925745, 1.0, 0.20949080582132074, 1.0, 1.0]

A : [1, 6, 1, 2, 7, 1, 2, 8, 2, 9, 2, 5, 10, 2, 5, 11, 2, 3, 12, 3, 13, 3, 14, 5, 15, 3, 4, 16, 4, 17, 4, 18]
    [1, 1, 2, 2, 2, 3, 3, 3, 4, 4, 5, 5, 5, 6, 6, 6, 7, 7, 7, 8, 8, 9, 9, 10, 10, 11, 11, 11, 12, 12, 13, 13]
    [4.242640687119286, 1.755732953125885, -2.747661802696607e-16, 0.5732366733372839, 1.0, 2.747661802696607e-16, 0.5732366733372866, 1.0, -0.21093597233777928, 1.0, -0.16045629672009343, 1.4142135623730951, 1.0, 0.23583938171908492, 7.4860071220367255, 1.0, 1.4142135623730951, 1.4142135623730951, 0.5222701456737276, 1.4142135623730951, 0.21115706344897586, -2.798716578654325, 0.44381847137925745, 15.432732630126258, 1.0, 1.4142135623730951, 0.7162100705125478, 0.20949080582132074, 1.4142135623730951, 1.0, -7.0710678118654755, 1.0]

b : [0.001466914174534073, -0.07409941131313673, 0.02600038959875787, -0.0013387613133875854, 0.0006207915574998031, -0.0, -0.0, -0.0, -0.0, -0.0, -0.0, -0.0, -0.0, -0.0, -0.0, -0.0, -0.0, -0.0]

d : [0.00029520032121067196, -0.004983753559312468, -0.004983753559312504, 0.0018338898256547902, 0.001461619771213283, -0.0016978435632114357, -0.04148583726777038, 0.02196423715055526, -0.009839216743715785, 0.0007268137621372759, 0.01794526281971773, -0.0003786714047882994, 0.0018933570239414927]

MODÈLE ALTERNÉ
Jx : [1, 1, 2, 1, 2, 2, 2, 5, 2, 5, 2, 3, 3, 3, 5, 3, 4, 4, 4]
     [1, 2, 2, 3, 3, 4, 5, 5, 6, 6, 7, 7, 8, 9, 10, 11, 11, 12, 13]
     [4.242640687119286, -2.747661802696607e-16, 0.5732366733372839, 2.747661802696607e-16, 0.5732366733372866, -0.21093597233777928, -0.16045629672009343, 1.4142135623730951, 0.23583938171908492, 7.4860071220367255, 1.4142135623730951, 1.4142135623730951, 1.4142135623730951, -2.798716578654325, 15.432732630126258, 1.4142135623730951, 0.7162100705125478, 1.4142135623730951, -7.0710678118654755]

Fx : [-0.001466914174534073, 0.07409941131313673, -0.02600038959875787, 0.0013387613133875854, -0.0006207915574998031]

sqrt_DλI : [1, 2, 3, 4, 5, 6, 7, 8, 9, 10, 11, 12, 13]
           [1, 2, 3, 4, 5, 6, 7, 8, 9, 10, 11, 12, 13]
           [0.0, 0.0, 0.0, 0.0, 0.0, 0.0, 0.0, 0.0, 0.0, 0.0, 0.0, 0.0, 0.0]

A : [1, 6, 1, 2, 7, 1, 2, 8, 2, 9, 2, 5, 10, 2, 5, 11, 2, 3, 12, 3, 13, 3, 14, 5, 15, 3, 4, 16, 4, 17, 4, 18]
    [1, 1, 2, 2, 2, 3, 3, 3, 4, 4, 5, 5, 5, 6, 6, 6, 7, 7, 7, 8, 8, 9, 9, 10, 10, 11, 11, 11, 12, 12, 13, 13]
    [4.242640687119286, 0.0, -2.747661802696607e-16, 0.5732366733372839, 0.0, 2.747661802696607e-16, 0.5732366733372866, 0.0, -0.21093597233777928, 0.0, -0.16045629672009343, 1.4142135623730951, 0.0, 0.23583938171908492, 7.4860071220367255, 0.0, 1.4142135623730951, 1.4142135623730951, 0.0, 1.4142135623730951, 0.0, -2.798716578654325, 0.0, 15.432732630126258, 0.0, 1.4142135623730951, 0.7162100705125478, 0.0, 1.4142135623730951, 0.0, -7.0710678118654755, 0.0]

b : [0.001466914174534073, -0.07409941131313673, 0.02600038959875787, -0.0013387613133875854, 0.0006207915574998031, 0.0, 0.0, 0.0, 0.0, 0.0, 0.0, 0.0, 0.0, 0.0, 0.0, 0.0, 0.0, 0.0]

d : [NaN, NaN, NaN, NaN, NaN, NaN, NaN, NaN, NaN, NaN, NaN, NaN, NaN]

ITÉRATION 5
Jx : [1, 1, 2, 1, 2, 2, 2, 5, 2, 5, 2, 3, 3, 3, 5, 3, 4, 4, 4]
     [1, 2, 2, 3, 3, 4, 5, 5, 6, 6, 7, 7, 8, 9, 10, 11, 11, 12, 13]
     [4.242640687119286, -2.6691571797624183e-16, 0.5591404895870741, 2.6691571797624183e-16, 0.5591404895870767, -0.20867016884315154, -0.159913684102923, 1.4142135623730951, 0.23558258803086538, 7.487034991916459, 1.4142135623730951, 1.4142135623730951, 1.4142135623730951, -2.7708870711301423, 15.430331516732377, 1.4142135623730951, 0.7563709320155493, 1.4142135623730951, -7.0710678118654755]

Fx : [-0.00021448528090120818, 0.008766996571094636, -0.0008293984403431019, 0.0006298894513583123, -4.884075961730098e-5]

sqrt_DλI : [1, 2, 3, 4, 5, 6, 7, 8, 9, 10, 11, 12, 13]
           [1, 2, 3, 4, 5, 6, 7, 8, 9, 10, 11, 12, 13]
           [1.4431401534697759, 0.12554567823026772, 0.1255456782302686, 1.0, 1.0, 1.0, 0.6040991929655571, 1.0, 1.0, 1.0, 1.0, 1.0, 1.0]

A : [1, 6, 1, 2, 7, 1, 2, 8, 2, 9, 2, 5, 10, 2, 5, 11, 2, 3, 12, 3, 13, 3, 14, 5, 15, 3, 4, 16, 4, 17, 4, 18]
    [1, 1, 2, 2, 2, 3, 3, 3, 4, 4, 5, 5, 5, 6, 6, 6, 7, 7, 7, 8, 8, 9, 9, 10, 10, 11, 11, 11, 12, 12, 13, 13]
    [4.242640687119286, 1.4431401534697759, -2.6691571797624183e-16, 0.5591404895870741, 0.12554567823026772, 2.6691571797624183e-16, 0.5591404895870767, 0.1255456782302686, -0.20867016884315154, 1.0, -0.159913684102923, 1.4142135623730951, 1.0, 0.23558258803086538, 7.487034991916459, 1.0, 1.4142135623730951, 1.4142135623730951, 0.6040991929655571, 1.4142135623730951, 1.0, -2.7708870711301423, 1.0, 15.430331516732377, 1.0, 1.4142135623730951, 0.7563709320155493, 1.0, 1.4142135623730951, 1.0, -7.0710678118654755, 1.0]

b : [0.00021448528090120818, -0.008766996571094636, 0.0008293984403431019, -0.0006298894513583123, 4.884075961730098e-5, -0.0, -0.0, -0.0, -0.0, -0.0, -0.0, -0.0, -0.0, -0.0, -0.0, -0.0, -0.0, -0.0]

d : [4.5311939451817094e-5, -0.007173916377207848, -0.007173916377207778, 4.219871918728343e-5, 3.405121166489245e-5, -3.857564700774352e-5, -0.0003669720367656324, 0.00015207076324259602, -0.0002979542291043567, 1.868342674438534e-5, 0.00014155354759280204, -1.9664411178132826e-5, 9.832205589066136e-5]

MODÈLE ALTERNÉ
Jx : [1, 1, 2, 1, 2, 2, 2, 5, 2, 5, 2, 3, 3, 3, 5, 3, 4, 4, 4]
     [1, 2, 2, 3, 3, 4, 5, 5, 6, 6, 7, 7, 8, 9, 10, 11, 11, 12, 13]
     [4.242640687119286, -2.6691571797624183e-16, 0.5591404895870741, 2.6691571797624183e-16, 0.5591404895870767, -0.20867016884315154, -0.159913684102923, 1.4142135623730951, 0.23558258803086538, 7.487034991916459, 1.4142135623730951, 1.4142135623730951, 1.4142135623730951, -2.7708870711301423, 15.430331516732377, 1.4142135623730951, 0.7563709320155493, 1.4142135623730951, -7.0710678118654755]

Fx : [-0.00021448528090120818, 0.008766996571094636, -0.0008293984403431019, 0.0006298894513583123, -4.884075961730098e-5]

sqrt_DλI : [1, 2, 3, 4, 5, 6, 7, 8, 9, 10, 11, 12, 13]
           [1, 2, 3, 4, 5, 6, 7, 8, 9, 10, 11, 12, 13]
           [0.0, 0.0, 0.0, 0.0, 0.0, 0.0, 0.0, 0.0, 0.0, 0.0, 0.0, 0.0, 0.0]

A : [1, 6, 1, 2, 7, 1, 2, 8, 2, 9, 2, 5, 10, 2, 5, 11, 2, 3, 12, 3, 13, 3, 14, 5, 15, 3, 4, 16, 4, 17, 4, 18]
    [1, 1, 2, 2, 2, 3, 3, 3, 4, 4, 5, 5, 5, 6, 6, 6, 7, 7, 7, 8, 8, 9, 9, 10, 10, 11, 11, 11, 12, 12, 13, 13]
    [4.242640687119286, 0.0, -2.6691571797624183e-16, 0.5591404895870741, 0.0, 2.6691571797624183e-16, 0.5591404895870767, 0.0, -0.20867016884315154, 0.0, -0.159913684102923, 1.4142135623730951, 0.0, 0.23558258803086538, 7.487034991916459, 0.0, 1.4142135623730951, 1.4142135623730951, 0.0, 1.4142135623730951, 0.0, -2.7708870711301423, 0.0, 15.430331516732377, 0.0, 1.4142135623730951, 0.7563709320155493, 0.0, 1.4142135623730951, 0.0, -7.0710678118654755, 0.0]

b : [0.00021448528090120818, -0.008766996571094636, 0.0008293984403431019, -0.0006298894513583123, 4.884075961730098e-5, 0.0, 0.0, 0.0, 0.0, 0.0, 0.0, 0.0, 0.0, 0.0, 0.0, 0.0, 0.0, 0.0]

d : [NaN, NaN, NaN, NaN, NaN, NaN, NaN, NaN, NaN, NaN, NaN, NaN, NaN]

ITÉRATION 6
Jx : [1, 1, 2, 1, 2, 2, 2, 5, 2, 5, 2, 3, 3, 3, 5, 3, 4, 4, 4]
     [1, 2, 2, 3, 3, 4, 5, 5, 6, 6, 7, 7, 8, 9, 10, 11, 11, 12, 13]
     [4.242640687119286, -2.9046710485649845e-16, 0.5388495899151186, 2.9046710485649845e-16, 0.5388495899151214, -0.20861750025958145, -0.15990123102567463, 1.4142135623730951, 0.2355766102007017, 7.4870614142719525, 1.4142135623730951, 1.4142135623730951, 1.4142135623730951, -2.770044329306611, 15.4302769625292, 1.4142135623730951, 0.7566829674419836, 1.4142135623730951, -7.0710678118654755]

Fx : [-2.2243002979408902e-5, 0.00034779354552862384, -0.00010765581715426496, 1.3926924235617603e-5, -1.211843975029199e-6]

sqrt_DλI : [1, 2, 3, 4, 5, 6, 7, 8, 9, 10, 11, 12, 13]
           [1, 2, 3, 4, 5, 6, 7, 8, 9, 10, 11, 12, 13]
           [1.0405252709861157, 1.0, 1.0, 1.0, 1.0, 1.0, 1.0, 1.0, 1.0, 1.0, 1.0, 1.0, 1.0]

A : [1, 6, 1, 2, 7, 1, 2, 8, 2, 9, 2, 5, 10, 2, 5, 11, 2, 3, 12, 3, 13, 3, 14, 5, 15, 3, 4, 16, 4, 17, 4, 18]
    [1, 1, 2, 2, 2, 3, 3, 3, 4, 4, 5, 5, 5, 6, 6, 6, 7, 7, 7, 8, 8, 9, 9, 10, 10, 11, 11, 11, 12, 12, 13, 13]
    [4.242640687119286, 1.0405252709861157, -2.9046710485649845e-16, 0.5388495899151186, 1.0, 2.9046710485649845e-16, 0.5388495899151214, 1.0, -0.20861750025958145, 1.0, -0.15990123102567463, 1.4142135623730951, 1.0, 0.2355766102007017, 7.4870614142719525, 1.0, 1.4142135623730951, 1.4142135623730951, 1.0, 1.4142135623730951, 1.0, -2.770044329306611, 1.0, 15.4302769625292, 1.0, 1.4142135623730951, 0.7566829674419836, 1.0, 1.4142135623730951, 1.0, -7.0710678118654755, 1.0]

b : [2.2243002979408902e-5, -0.00034779354552862384, 0.00010765581715426496, -1.3926924235617603e-5, 1.211843975029199e-6, -0.0, -0.0, -0.0, -0.0, -0.0, -0.0, -0.0, -0.0, -0.0, -0.0, -0.0, -0.0, -0.0]

d : [4.945270053737761e-6, -5.7047678394869026e-5, -5.704767839486938e-5, 2.208620788636924e-5, 1.7709170755826446e-5, -2.080813631183737e-5, -0.00011886657292150472, 3.08553569042767e-5, -6.043691610339296e-5, 8.516190281667743e-6, 3.0328873086802727e-5, -9.839795357872936e-7, 4.9198976789364e-6]

MODÈLE ALTERNÉ
Jx : [1, 1, 2, 1, 2, 2, 2, 5, 2, 5, 2, 3, 3, 3, 5, 3, 4, 4, 4]
     [1, 2, 2, 3, 3, 4, 5, 5, 6, 6, 7, 7, 8, 9, 10, 11, 11, 12, 13]
     [4.242640687119286, -2.9046710485649845e-16, 0.5388495899151186, 2.9046710485649845e-16, 0.5388495899151214, -0.20861750025958145, -0.15990123102567463, 1.4142135623730951, 0.2355766102007017, 7.4870614142719525, 1.4142135623730951, 1.4142135623730951, 1.4142135623730951, -2.770044329306611, 15.4302769625292, 1.4142135623730951, 0.7566829674419836, 1.4142135623730951, -7.0710678118654755]

Fx : [-2.2243002979408902e-5, 0.00034779354552862384, -0.00010765581715426496, 1.3926924235617603e-5, -1.211843975029199e-6]

sqrt_DλI : [1, 2, 3, 4, 5, 6, 7, 8, 9, 10, 11, 12, 13]
           [1, 2, 3, 4, 5, 6, 7, 8, 9, 10, 11, 12, 13]
           [0.0, 0.0, 0.0, 0.0, 0.0, 0.0, 0.0, 0.0, 0.0, 0.0, 0.0, 0.0, 0.0]

A : [1, 6, 1, 2, 7, 1, 2, 8, 2, 9, 2, 5, 10, 2, 5, 11, 2, 3, 12, 3, 13, 3, 14, 5, 15, 3, 4, 16, 4, 17, 4, 18]
    [1, 1, 2, 2, 2, 3, 3, 3, 4, 4, 5, 5, 5, 6, 6, 6, 7, 7, 7, 8, 8, 9, 9, 10, 10, 11, 11, 11, 12, 12, 13, 13]
    [4.242640687119286, 0.0, -2.9046710485649845e-16, 0.5388495899151186, 0.0, 2.9046710485649845e-16, 0.5388495899151214, 0.0, -0.20861750025958145, 0.0, -0.15990123102567463, 1.4142135623730951, 0.0, 0.2355766102007017, 7.4870614142719525, 0.0, 1.4142135623730951, 1.4142135623730951, 0.0, 1.4142135623730951, 0.0, -2.770044329306611, 0.0, 15.4302769625292, 0.0, 1.4142135623730951, 0.7566829674419836, 0.0, 1.4142135623730951, 0.0, -7.0710678118654755, 0.0]

b : [2.2243002979408902e-5, -0.00034779354552862384, 0.00010765581715426496, -1.3926924235617603e-5, 1.211843975029199e-6, 0.0, 0.0, 0.0, 0.0, 0.0, 0.0, 0.0, 0.0, 0.0, 0.0, 0.0, 0.0, 0.0]

d : [NaN, NaN, NaN, NaN, NaN, NaN, NaN, NaN, NaN, NaN, NaN, NaN, NaN]

ITÉRATION 7
Jx : [1, 1, 2, 1, 2, 2, 2, 5, 2, 5, 2, 3, 3, 3, 5, 3, 4, 4, 4]
     [1, 2, 2, 3, 3, 4, 5, 5, 6, 6, 7, 7, 8, 9, 10, 11, 11, 12, 13]
     [4.242640687119286, -2.9046710485649845e-16, 0.5386882347141426, 2.9046710485649845e-16, 0.5386882347141455, -0.20858992473010296, -0.15989462383936356, 1.4142135623730951, 0.2355735013669323, 7.487073457983748, 1.4142135623730951, 1.4142135623730951, 1.4142135623730951, -2.769873387893768, 15.430247535380621, 1.4142135623730951, 0.7567498135070114, 1.4142135623730951, -7.0710678118654755]

Fx : [-1.2619990386751687e-6, 0.00010587899216793037, -2.1823197688845187e-5, 6.967922969040792e-7, -5.521648906022076e-7]

sqrt_DλI : [1, 2, 3, 4, 5, 6, 7, 8, 9, 10, 11, 12, 13]
           [1, 2, 3, 4, 5, 6, 7, 8, 9, 10, 11, 12, 13]
           [0.28756366974052827, 1.0, 1.0, 1.0, 1.0, 1.0, 1.0, 1.0, 1.0, 1.0, 1.0, 1.0, 1.0]

A : [1, 6, 1, 2, 7, 1, 2, 8, 2, 9, 2, 5, 10, 2, 5, 11, 2, 3, 12, 3, 13, 3, 14, 5, 15, 3, 4, 16, 4, 17, 4, 18]
    [1, 1, 2, 2, 2, 3, 3, 3, 4, 4, 5, 5, 5, 6, 6, 6, 7, 7, 7, 8, 8, 9, 9, 10, 10, 11, 11, 11, 12, 12, 13, 13]
    [4.242640687119286, 0.28756366974052827, -2.9046710485649845e-16, 0.5386882347141426, 1.0, 2.9046710485649845e-16, 0.5386882347141455, 1.0, -0.20858992473010296, 1.0, -0.15989462383936356, 1.4142135623730951, 1.0, 0.2355735013669323, 7.487073457983748, 1.0, 1.4142135623730951, 1.4142135623730951, 1.0, 1.4142135623730951, 1.0, -2.769873387893768, 1.0, 15.430247535380621, 1.0, 1.4142135623730951, 0.7567498135070114, 1.0, 1.4142135623730951, 1.0, -7.0710678118654755, 1.0]

b : [1.2619990386751687e-6, -0.00010587899216793037, 2.1823197688845187e-5, -6.967922969040792e-7, 5.521648906022076e-7, -0.0, -0.0, -0.0, -0.0, -0.0, -0.0, -0.0, -0.0, -0.0, -0.0, -0.0, -0.0, -0.0]

d : [2.9609574795147665e-7, -1.7127275626455345e-5, -1.7127275626455457e-5, 6.6319939874867675e-6, 5.3190553287132265e-6, -6.244206073155135e-6, -3.671809755399611e-5, 8.245990979121079e-6, -1.6150567055482603e-5, 2.5673166998839323e-6, 8.148001997459958e-6, -1.8312174559527444e-7, 9.156087279764304e-7]

MODÈLE ALTERNÉ
Jx : [1, 1, 2, 1, 2, 2, 2, 5, 2, 5, 2, 3, 3, 3, 5, 3, 4, 4, 4]
     [1, 2, 2, 3, 3, 4, 5, 5, 6, 6, 7, 7, 8, 9, 10, 11, 11, 12, 13]
     [4.242640687119286, -2.9046710485649845e-16, 0.5386882347141426, 2.9046710485649845e-16, 0.5386882347141455, -0.20858992473010296, -0.15989462383936356, 1.4142135623730951, 0.2355735013669323, 7.487073457983748, 1.4142135623730951, 1.4142135623730951, 1.4142135623730951, -2.769873387893768, 15.430247535380621, 1.4142135623730951, 0.7567498135070114, 1.4142135623730951, -7.0710678118654755]

Fx : [-1.2619990386751687e-6, 0.00010587899216793037, -2.1823197688845187e-5, 6.967922969040792e-7, -5.521648906022076e-7]

sqrt_DλI : [1, 2, 3, 4, 5, 6, 7, 8, 9, 10, 11, 12, 13]
           [1, 2, 3, 4, 5, 6, 7, 8, 9, 10, 11, 12, 13]
           [0.0, 0.0, 0.0, 0.0, 0.0, 0.0, 0.0, 0.0, 0.0, 0.0, 0.0, 0.0, 0.0]

A : [1, 6, 1, 2, 7, 1, 2, 8, 2, 9, 2, 5, 10, 2, 5, 11, 2, 3, 12, 3, 13, 3, 14, 5, 15, 3, 4, 16, 4, 17, 4, 18]
    [1, 1, 2, 2, 2, 3, 3, 3, 4, 4, 5, 5, 5, 6, 6, 6, 7, 7, 7, 8, 8, 9, 9, 10, 10, 11, 11, 11, 12, 12, 13, 13]
    [4.242640687119286, 0.0, -2.9046710485649845e-16, 0.5386882347141426, 0.0, 2.9046710485649845e-16, 0.5386882347141455, 0.0, -0.20858992473010296, 0.0, -0.15989462383936356, 1.4142135623730951, 0.0, 0.2355735013669323, 7.487073457983748, 0.0, 1.4142135623730951, 1.4142135623730951, 0.0, 1.4142135623730951, 0.0, -2.769873387893768, 0.0, 15.430247535380621, 0.0, 1.4142135623730951, 0.7567498135070114, 0.0, 1.4142135623730951, 0.0, -7.0710678118654755, 0.0]

b : [1.2619990386751687e-6, -0.00010587899216793037, 2.1823197688845187e-5, -6.967922969040792e-7, 5.521648906022076e-7, 0.0, 0.0, 0.0, 0.0, 0.0, 0.0, 0.0, 0.0, 0.0, 0.0, 0.0, 0.0, 0.0]

d : [NaN, NaN, NaN, NaN, NaN, NaN, NaN, NaN, NaN, NaN, NaN, NaN, NaN]

ITÉRATION 8
Jx : [1, 1, 2, 1, 2, 2, 2, 5, 2, 5, 2, 3, 3, 3, 5, 3, 4, 4, 4]
     [1, 2, 2, 3, 3, 4, 5, 5, 6, 6, 7, 7, 8, 9, 10, 11, 11, 12, 13]
     [4.242640687119286, -2.9046710485649845e-16, 0.5386397914631879, 2.9046710485649845e-16, 0.5386397914631907, -0.20858164313535155, -0.1598926403613115, 1.4142135623730951, 0.23557256762133746, 7.487077088717844, 1.4142135623730951, 1.4142135623730951, 1.4142135623730951, -2.769827707191828, 15.430238704739706, 1.4142135623730951, 0.7567677714449528, 1.4142135623730951, -7.0710678118654755]

Fx : [-5.771167497126514e-9, 3.179527726440039e-5, -5.83116502339065e-6, 1.295597891848727e-7, -1.6640474948128338e-7]

sqrt_DλI : [1, 2, 3, 4, 5, 6, 7, 8, 9, 10, 11, 12, 13]
           [1, 2, 3, 4, 5, 6, 7, 8, 9, 10, 11, 12, 13]
           [1.0, 1.0, 1.0, 1.0, 1.0, 1.0, 1.0, 1.0, 1.0, 1.0, 1.0, 1.0, 1.0]

A : [1, 6, 1, 2, 7, 1, 2, 8, 2, 9, 2, 5, 10, 2, 5, 11, 2, 3, 12, 3, 13, 3, 14, 5, 15, 3, 4, 16, 4, 17, 4, 18]
    [1, 1, 2, 2, 2, 3, 3, 3, 4, 4, 5, 5, 5, 6, 6, 6, 7, 7, 7, 8, 8, 9, 9, 10, 10, 11, 11, 11, 12, 12, 13, 13]
    [4.242640687119286, 1.0, -2.9046710485649845e-16, 0.5386397914631879, 1.0, 2.9046710485649845e-16, 0.5386397914631907, 1.0, -0.20858164313535155, 1.0, -0.1598926403613115, 1.4142135623730951, 1.0, 0.23557256762133746, 7.487077088717844, 1.0, 1.4142135623730951, 1.4142135623730951, 1.0, 1.4142135623730951, 1.0, -2.769827707191828, 1.0, 15.430238704739706, 1.0, 1.4142135623730951, 0.7567677714449528, 1.0, 1.4142135623730951, 1.0, -7.0710678118654755, 1.0]

b : [5.771167497126514e-9, -3.179527726440039e-5, 5.83116502339065e-6, -1.295597891848727e-7, 1.6640474948128338e-7, -0.0, -0.0, -0.0, -0.0, -0.0, -0.0, -0.0, -0.0, -0.0, -0.0, -0.0, -0.0, -0.0]

d : [1.2886836860783856e-9, -5.127455552979991e-6, -5.127455552980015e-6, 1.9855441823910275e-6, 1.592514576686523e-6, -1.8694831667430692e-6, -1.106136296338374e-5, 2.4009123798316126e-6, -4.702340444987922e-6, 7.687110593637144e-7, 2.373416226676366e-6, -5.138357389478101e-8, 2.569178694739383e-7]

MODÈLE ALTERNÉ
Jx : [1, 1, 2, 1, 2, 2, 2, 5, 2, 5, 2, 3, 3, 3, 5, 3, 4, 4, 4]
     [1, 2, 2, 3, 3, 4, 5, 5, 6, 6, 7, 7, 8, 9, 10, 11, 11, 12, 13]
     [4.242640687119286, -2.9046710485649845e-16, 0.5386397914631879, 2.9046710485649845e-16, 0.5386397914631907, -0.20858164313535155, -0.1598926403613115, 1.4142135623730951, 0.23557256762133746, 7.487077088717844, 1.4142135623730951, 1.4142135623730951, 1.4142135623730951, -2.769827707191828, 15.430238704739706, 1.4142135623730951, 0.7567677714449528, 1.4142135623730951, -7.0710678118654755]

Fx : [-5.771167497126514e-9, 3.179527726440039e-5, -5.83116502339065e-6, 1.295597891848727e-7, -1.6640474948128338e-7]

sqrt_DλI : [1, 2, 3, 4, 5, 6, 7, 8, 9, 10, 11, 12, 13]
           [1, 2, 3, 4, 5, 6, 7, 8, 9, 10, 11, 12, 13]
           [0.0, 0.0, 0.0, 0.0, 0.0, 0.0, 0.0, 0.0, 0.0, 0.0, 0.0, 0.0, 0.0]

A : [1, 6, 1, 2, 7, 1, 2, 8, 2, 9, 2, 5, 10, 2, 5, 11, 2, 3, 12, 3, 13, 3, 14, 5, 15, 3, 4, 16, 4, 17, 4, 18]
    [1, 1, 2, 2, 2, 3, 3, 3, 4, 4, 5, 5, 5, 6, 6, 6, 7, 7, 7, 8, 8, 9, 9, 10, 10, 11, 11, 11, 12, 12, 13, 13]
    [4.242640687119286, 0.0, -2.9046710485649845e-16, 0.5386397914631879, 0.0, 2.9046710485649845e-16, 0.5386397914631907, 0.0, -0.20858164313535155, 0.0, -0.1598926403613115, 1.4142135623730951, 0.0, 0.23557256762133746, 7.487077088717844, 0.0, 1.4142135623730951, 1.4142135623730951, 0.0, 1.4142135623730951, 0.0, -2.769827707191828, 0.0, 15.430238704739706, 0.0, 1.4142135623730951, 0.7567677714449528, 0.0, 1.4142135623730951, 0.0, -7.0710678118654755, 0.0]

b : [5.771167497126514e-9, -3.179527726440039e-5, 5.83116502339065e-6, -1.295597891848727e-7, 1.6640474948128338e-7, 0.0, 0.0, 0.0, 0.0, 0.0, 0.0, 0.0, 0.0, 0.0, 0.0, 0.0, 0.0, 0.0]

d : [NaN, NaN, NaN, NaN, NaN, NaN, NaN, NaN, NaN, NaN, NaN, NaN, NaN]

ITÉRATION 9
Jx : [1, 1, 2, 1, 2, 2, 2, 5, 2, 5, 2, 3, 3, 3, 5, 3, 4, 4, 4]
     [1, 2, 2, 3, 3, 4, 5, 5, 6, 6, 7, 7, 8, 9, 10, 11, 11, 12, 13]
     [4.242640687119286, -2.9046710485649845e-16, 0.5386252888288209, 2.9046710485649845e-16, 0.5386252888288238, -0.2085791636042846, -0.15989204651892924, 1.4142135623730951, 0.23557228806077316, 7.48707817583945, 1.4142135623730951, 1.4142135623730951, 1.4142135623730951, -2.7698144069645636, 15.430236060891257, 1.4142135623730951, 0.7567730023321481, 1.4142135623730951, -7.0710678118654755]

Fx : [-3.037488309829962e-10, 9.51934374277204e-6, -1.6977326960062038e-6, 3.633987788141366e-8, -4.982051588131718e-8]

sqrt_DλI : [1, 2, 3, 4, 5, 6, 7, 8, 9, 10, 11, 12, 13]
           [1, 2, 3, 4, 5, 6, 7, 8, 9, 10, 11, 12, 13]
           [1.0, 1.0, 1.0, 1.0, 1.0, 1.0, 1.0, 1.0, 1.0, 1.0, 1.0, 1.0, 1.0]

A : [1, 6, 1, 2, 7, 1, 2, 8, 2, 9, 2, 5, 10, 2, 5, 11, 2, 3, 12, 3, 13, 3, 14, 5, 15, 3, 4, 16, 4, 17, 4, 18]
    [1, 1, 2, 2, 2, 3, 3, 3, 4, 4, 5, 5, 5, 6, 6, 6, 7, 7, 7, 8, 8, 9, 9, 10, 10, 11, 11, 11, 12, 12, 13, 13]
    [4.242640687119286, 1.0, -2.9046710485649845e-16, 0.5386252888288209, 1.0, 2.9046710485649845e-16, 0.5386252888288238, 1.0, -0.2085791636042846, 1.0, -0.15989204651892924, 1.4142135623730951, 1.0, 0.23557228806077316, 7.48707817583945, 1.0, 1.4142135623730951, 1.4142135623730951, 1.0, 1.4142135623730951, 1.0, -2.7698144069645636, 1.0, 15.430236060891257, 1.0, 1.4142135623730951, 0.7567730023321481, 1.0, 1.4142135623730951, 1.0, -7.0710678118654755, 1.0]

b : [3.037488309829962e-10, -9.51934374277204e-6, 1.6977326960062038e-6, -3.633987788141366e-8, 4.982051588131718e-8, -0.0, -0.0, -0.0, -0.0, -0.0, -0.0, -0.0, -0.0, -0.0, -0.0, -0.0, -0.0, -0.0]

d : [6.782616573649361e-11, -1.5340743137055977e-6, -1.5340743137056061e-6, 5.940603679327455e-7, 4.7647289067546423e-7, -5.593408133087888e-7, -3.3140498547632078e-6, 7.138128266344733e-7, -1.3980413593054373e-6, 2.2999705678678194e-7, 7.056686517333753e-7, -1.5219362429655936e-8, 7.609681214828621e-8]

MODÈLE ALTERNÉ
Jx : [1, 1, 2, 1, 2, 2, 2, 5, 2, 5, 2, 3, 3, 3, 5, 3, 4, 4, 4]
     [1, 2, 2, 3, 3, 4, 5, 5, 6, 6, 7, 7, 8, 9, 10, 11, 11, 12, 13]
     [4.242640687119286, -2.9046710485649845e-16, 0.5386252888288209, 2.9046710485649845e-16, 0.5386252888288238, -0.2085791636042846, -0.15989204651892924, 1.4142135623730951, 0.23557228806077316, 7.48707817583945, 1.4142135623730951, 1.4142135623730951, 1.4142135623730951, -2.7698144069645636, 15.430236060891257, 1.4142135623730951, 0.7567730023321481, 1.4142135623730951, -7.0710678118654755]

Fx : [-3.037488309829962e-10, 9.51934374277204e-6, -1.6977326960062038e-6, 3.633987788141366e-8, -4.982051588131718e-8]

sqrt_DλI : [1, 2, 3, 4, 5, 6, 7, 8, 9, 10, 11, 12, 13]
           [1, 2, 3, 4, 5, 6, 7, 8, 9, 10, 11, 12, 13]
           [0.0, 0.0, 0.0, 0.0, 0.0, 0.0, 0.0, 0.0, 0.0, 0.0, 0.0, 0.0, 0.0]

A : [1, 6, 1, 2, 7, 1, 2, 8, 2, 9, 2, 5, 10, 2, 5, 11, 2, 3, 12, 3, 13, 3, 14, 5, 15, 3, 4, 16, 4, 17, 4, 18]
    [1, 1, 2, 2, 2, 3, 3, 3, 4, 4, 5, 5, 5, 6, 6, 6, 7, 7, 7, 8, 8, 9, 9, 10, 10, 11, 11, 11, 12, 12, 13, 13]
    [4.242640687119286, 0.0, -2.9046710485649845e-16, 0.5386252888288209, 0.0, 2.9046710485649845e-16, 0.5386252888288238, 0.0, -0.2085791636042846, 0.0, -0.15989204651892924, 1.4142135623730951, 0.0, 0.23557228806077316, 7.48707817583945, 0.0, 1.4142135623730951, 1.4142135623730951, 0.0, 1.4142135623730951, 0.0, -2.7698144069645636, 0.0, 15.430236060891257, 0.0, 1.4142135623730951, 0.7567730023321481, 0.0, 1.4142135623730951, 0.0, -7.0710678118654755, 0.0]

b : [3.037488309829962e-10, -9.51934374277204e-6, 1.6977326960062038e-6, -3.633987788141366e-8, 4.982051588131718e-8, 0.0, 0.0, 0.0, 0.0, 0.0, 0.0, 0.0, 0.0, 0.0, 0.0, 0.0, 0.0, 0.0]

d : [NaN, NaN, NaN, NaN, NaN, NaN, NaN, NaN, NaN, NaN, NaN, NaN, NaN]

ITÉRATION 0
Jx : [1, 1, 2, 1, 2, 2, 2, 5, 2, 5, 2, 3, 3, 3, 5, 3, 4, 4, 4]
     [1, 2, 2, 3, 3, 4, 5, 5, 6, 6, 7, 7, 8, 9, 10, 11, 11, 12, 13]
     [4.242640687119286, 0.0, 2.8284271247461903, 0.0, 2.8284271247461903, 16.970562748477143, -0.7067534044254388, 1.4142135623730951, 0.7067534045431721, 2.8284271247461903, 1.4142135623730951, 1.4142135623730951, 1.4142135623730951, -2.8284271247461903, 15.556349186104047, 1.4142135623730951, 1.4142135623730951, 1.4142135623730951, -7.0710678118654755]

Fx : [-80.61017305526643, 10.606248341154838, 2.8284271247461903, 23.607675141438072, -52.32590180780452]

sqrt_DλI : [1, 2, 3, 4, 5, 6, 7, 8, 9, 10, 11, 12, 13]
           [1, 2, 3, 4, 5, 6, 7, 8, 9, 10, 11, 12, 13]
           [1.0, 1.0, 1.0, 1.0, 1.0, 1.0, 1.0, 1.0, 1.0, 1.0, 1.0, 1.0, 1.0]

A : [1, 6, 2, 7, 2, 8, 2, 9, 2, 5, 10, 2, 5, 11, 2, 3, 12, 3, 13, 3, 14, 5, 15, 3, 4, 16, 4, 17, 4, 18]
    [1, 1, 2, 2, 3, 3, 4, 4, 5, 5, 5, 6, 6, 6, 7, 7, 7, 8, 8, 9, 9, 10, 10, 11, 11, 11, 12, 12, 13, 13]
    [4.242640687119286, 1.0, 2.8284271247461903, 1.0, 2.8284271247461903, 1.0, 16.970562748477143, 1.0, -0.7067534044254388, 1.4142135623730951, 1.0, 0.7067534045431721, 2.8284271247461903, 1.0, 1.4142135623730951, 1.4142135623730951, 1.0, 1.4142135623730951, 1.0, -2.8284271247461903, 1.0, 15.556349186104047, 1.0, 1.4142135623730951, 1.4142135623730951, 1.0, 1.4142135623730951, 1.0, -7.0710678118654755, 1.0]

b : [80.61017305526643, -10.606248341154838, -2.8284271247461903, -23.607675141438072, 52.32590180780452, -0.0, -0.0, -0.0, -0.0, -0.0, -0.0, -0.0, -0.0, -0.0, -0.0, -0.0, -0.0, -0.0]

d : [18.000000000000004, -0.09695977168185664, -0.09695977168185502, -0.5817586300911144, 0.3169094719210333, 0.5611354568262049, -0.22861950074379697, -0.18013961490287625, 0.36027922980574323, 3.2194980720880007, -0.7806126172904034, -0.6004730023875297, 3.0023650119376497]

MODÈLE ALTERNÉ
Jx : [1, 1, 2, 1, 2, 2, 2, 5, 2, 5, 2, 3, 3, 3, 5, 3, 4, 4, 4]
     [1, 2, 2, 3, 3, 4, 5, 5, 6, 6, 7, 7, 8, 9, 10, 11, 11, 12, 13]
     [4.242640687119286, 0.0, 2.8284271247461903, 0.0, 2.8284271247461903, 16.970562748477143, -0.7067534044254388, 1.4142135623730951, 0.7067534045431721, 2.8284271247461903, 1.4142135623730951, 1.4142135623730951, 1.4142135623730951, -2.8284271247461903, 15.556349186104047, 1.4142135623730951, 1.4142135623730951, 1.4142135623730951, -7.0710678118654755]

Fx : [-80.61017305526643, 10.606248341154838, 2.8284271247461903, 23.607675141438072, -52.32590180780452]

sqrt_DλI : [1, 2, 3, 4, 5, 6, 7, 8, 9, 10, 11, 12, 13]
           [1, 2, 3, 4, 5, 6, 7, 8, 9, 10, 11, 12, 13]
           [0.0, 0.0, 0.0, 0.0, 0.0, 0.0, 0.0, 0.0, 0.0, 0.0, 0.0, 0.0, 0.0]

A : [1, 6, 2, 7, 2, 8, 2, 9, 2, 5, 10, 2, 5, 11, 2, 3, 12, 3, 13, 3, 14, 5, 15, 3, 4, 16, 4, 17, 4, 18]
    [1, 1, 2, 2, 3, 3, 4, 4, 5, 5, 5, 6, 6, 6, 7, 7, 7, 8, 8, 9, 9, 10, 10, 11, 11, 11, 12, 12, 13, 13]
    [4.242640687119286, 0.0, 2.8284271247461903, 0.0, 2.8284271247461903, 0.0, 16.970562748477143, 0.0, -0.7067534044254388, 1.4142135623730951, 0.0, 0.7067534045431721, 2.8284271247461903, 0.0, 1.4142135623730951, 1.4142135623730951, 0.0, 1.4142135623730951, 0.0, -2.8284271247461903, 0.0, 15.556349186104047, 0.0, 1.4142135623730951, 1.4142135623730951, 0.0, 1.4142135623730951, 0.0, -7.0710678118654755, 0.0]

b : [80.61017305526643, -10.606248341154838, -2.8284271247461903, -23.607675141438072, 52.32590180780452, 0.0, 0.0, 0.0, 0.0, 0.0, 0.0, 0.0, 0.0, 0.0, 0.0, 0.0, 0.0, 0.0]

d : [19.0, NaN, NaN, NaN, NaN, NaN, Inf, NaN, NaN, NaN, NaN, NaN, NaN]

ITÉRATION 1
Jx : [1, 1, 2, 1, 2, 2, 2, 5, 2, 5, 2, 3, 3, 3, 5, 3, 4, 4, 4]
     [1, 2, 2, 3, 3, 4, 5, 5, 6, 6, 7, 7, 8, 9, 10, 11, 11, 12, 13]
     [4.242640687119286, -4.710277376051326e-16, 2.5541834765120295, 4.710277376051326e-16, 2.554183476512034, 3.0811226203467124, -0.7773408705890045, 1.4142135623730951, 0.5169726500191696, 7.381484962327074, 1.4142135623730951, 1.4142135623730951, 1.4142135623730951, -3.8474506708114204, 16.349914559476087, 1.4142135623730951, 0.5920265009448302, 1.4142135623730951, -7.0710678118654755]

Fx : [-4.242640687119265, 4.702078812198915, -0.056188565906993414, 0.6147732695620763, 2.347925015211593]

sqrt_DλI : [1, 2, 3, 4, 5, 6, 7, 8, 9, 10, 11, 12, 13]
           [1, 2, 3, 4, 5, 6, 7, 8, 9, 10, 11, 12, 13]
           [0.3926828298017034, 1.0, 1.0, 1.0, 1.0, 1.0, 1.0, 1.0, 1.0, 1.0, 1.0, 1.0, 1.0]

A : [1, 6, 1, 2, 7, 1, 2, 8, 2, 9, 2, 5, 10, 2, 5, 11, 2, 3, 12, 3, 13, 3, 14, 5, 15, 3, 4, 16, 4, 17, 4, 18]
    [1, 1, 2, 2, 2, 3, 3, 3, 4, 4, 5, 5, 5, 6, 6, 6, 7, 7, 7, 8, 8, 9, 9, 10, 10, 11, 11, 11, 12, 12, 13, 13]
    [4.242640687119286, 0.3926828298017034, -4.710277376051326e-16, 2.5541834765120295, 1.0, 4.710277376051326e-16, 2.554183476512034, 1.0, 3.0811226203467124, 1.0, -0.7773408705890045, 1.4142135623730951, 1.0, 0.5169726500191696, 7.381484962327074, 1.0, 1.4142135623730951, 1.4142135623730951, 1.0, 1.4142135623730951, 1.0, -3.8474506708114204, 1.0, 16.349914559476087, 1.0, 1.4142135623730951, 0.5920265009448302, 1.0, 1.4142135623730951, 1.0, -7.0710678118654755, 1.0]

b : [4.242640687119265, -4.702078812198915, 0.056188565906993414, -0.6147732695620763, -2.347925015211593, -0.0, -0.0, -0.0, -0.0, -0.0, -0.0, -0.0, -0.0, -0.0, -0.0, -0.0, -0.0, -0.0]

d : [0.9915061084223492, -0.4569615380630774, -0.4569615380630776, -0.5512346879157091, 0.13096508704317353, -0.13480301790632135, -0.22551674985088394, 0.02749608597490209, -0.07480470930522312, -0.09372274420705695, 0.02049335214741025, -0.016727901769127525, 0.08363950884563684]

ITÉRATION 2
Jx : [1, 1, 2, 1, 2, 2, 2, 5, 2, 5, 2, 3, 3, 3, 5, 3, 4, 4, 4]
     [1, 2, 2, 3, 3, 4, 5, 5, 6, 6, 7, 7, 8, 9, 10, 11, 11, 12, 13]
     [4.242640687119286, -4.082240392577816e-16, 1.2617010672886826, 4.082240392577816e-16, 1.2617010672886868, -0.2393873661072081, -0.6088959460072532, 1.4142135623730951, 0.45652358480634614, 7.24894098636663, 1.4142135623730951, 1.4142135623730951, 1.4142135623730951, -3.6358710019537734, 16.159274303304144, 1.4142135623730951, 0.641567602156493, 1.4142135623730951, -7.0710678118654755]

Fx : [-0.036036529999309605, 2.004742945586117, -0.027356246660837517, 0.01233839760148594, 0.023599635853366014]

sqrt_DλI : [1, 2, 3, 4, 5, 6, 7, 8, 9, 10, 11, 12, 13]
           [1, 2, 3, 4, 5, 6, 7, 8, 9, 10, 11, 12, 13]
           [2.2544109317593324, 1.1221335201000493, 1.1221335201000497, 1.3536345386397115, 0.3216032464283238, 0.3310278270781947, 0.5537881928188955, 1.0, 0.18369351637017622, 0.23014941983144224, 1.0, 1.0, 0.20538861296339117]

A : [1, 6, 1, 2, 7, 1, 2, 8, 2, 9, 2, 5, 10, 2, 5, 11, 2, 3, 12, 3, 13, 3, 14, 5, 15, 3, 4, 16, 4, 17, 4, 18]
    [1, 1, 2, 2, 2, 3, 3, 3, 4, 4, 5, 5, 5, 6, 6, 6, 7, 7, 7, 8, 8, 9, 9, 10, 10, 11, 11, 11, 12, 12, 13, 13]
    [4.242640687119286, 2.2544109317593324, -4.082240392577816e-16, 1.2617010672886826, 1.1221335201000493, 4.082240392577816e-16, 1.2617010672886868, 1.1221335201000497, -0.2393873661072081, 1.3536345386397115, -0.6088959460072532, 1.4142135623730951, 0.3216032464283238, 0.45652358480634614, 7.24894098636663, 0.3310278270781947, 1.4142135623730951, 1.4142135623730951, 0.5537881928188955, 1.4142135623730951, 1.0, -3.6358710019537734, 0.18369351637017622, 16.159274303304144, 0.23014941983144224, 1.4142135623730951, 0.641567602156493, 1.0, 1.4142135623730951, 1.0, -7.0710678118654755, 0.20538861296339117]

b : [0.036036529999309605, -2.004742945586117, 0.027356246660837517, -0.01233839760148594, -0.023599635853366014, 0.0, 0.0, 0.0, 0.0, 0.0, 0.0, 0.0, 0.0, 0.0, 0.0, 0.0, 0.0, 0.0]

d : [0.006623672410791611, -0.13068035583008872, -0.13068035583008933, 0.017038889307621072, 0.7749196609378001, -0.5088760979460782, -0.5913717630980003, 0.0030784883602273288, -0.2345542620680996, 0.15896692789020297, 0.0030707629526622077, -1.702918931229263e-5, 0.002018418666010319]

ITÉRATION 3
Jx : [1, 1, 2, 1, 2, 2, 2, 5, 2, 5, 2, 3, 3, 3, 5, 3, 4, 4, 4]
     [1, 2, 2, 3, 3, 4, 5, 5, 6, 6, 7, 7, 8, 9, 10, 11, 11, 12, 13]
     [4.242640687119286, -2.5121479338940406e-16, 0.8920812041873757, 2.5121479338940406e-16, 0.8920812041873782, -0.22269975734892042, -0.16334674318687106, 1.4142135623730951, 0.23796142906444237, 7.473754171757742, 1.4142135623730951, 1.4142135623730951, 1.4142135623730951, -2.972451364895534, 15.439614824021302, 1.4142135623730951, 0.6488707322313617, 1.4142135623730951, -7.0710678118654755]

Fx : [-0.007934667931124326, 0.4501827881499757, -0.07998077170116148, 2.3262724773787815e-5, -0.11492313689977056]

sqrt_DλI : [1, 2, 3, 4, 5, 6, 7, 8, 9, 10, 11, 12, 13]
           [1, 2, 3, 4, 5, 6, 7, 8, 9, 10, 11, 12, 13]
           [2.0205140124561103, 0.5489169161083323, 0.5489169161083335, 0.912711690580498, 0.7646786996581028, 1.0, 0.4115414731864527, 1.0, 1.0, 1.0, 1.0, 1.0, 1.0]

A : [1, 6, 1, 2, 7, 1, 2, 8, 2, 9, 2, 5, 10, 2, 5, 11, 2, 3, 12, 3, 13, 3, 14, 5, 15, 3, 4, 16, 4, 17, 4, 18]
    [1, 1, 2, 2, 2, 3, 3, 3, 4, 4, 5, 5, 5, 6, 6, 6, 7, 7, 7, 8, 8, 9, 9, 10, 10, 11, 11, 11, 12, 12, 13, 13]
    [4.242640687119286, 2.0205140124561103, -2.5121479338940406e-16, 0.8920812041873757, 0.5489169161083323, 2.5121479338940406e-16, 0.8920812041873782, 0.5489169161083335, -0.22269975734892042, 0.912711690580498, -0.16334674318687106, 1.4142135623730951, 0.7646786996581028, 0.23796142906444237, 7.473754171757742, 1.0, 1.4142135623730951, 1.4142135623730951, 0.4115414731864527, 1.4142135623730951, 1.0, -2.972451364895534, 1.0, 15.439614824021302, 1.0, 1.4142135623730951, 0.6488707322313617, 1.0, 1.4142135623730951, 1.0, -7.0710678118654755, 1.0]

b : [0.007934667931124326, -0.4501827881499757, 0.07998077170116148, -2.3262724773787815e-5, 0.11492313689977056, -0.0, -0.0, -0.0, -0.0, -0.0, -0.0, -0.0, -0.0, -0.0, -0.0, -0.0, -0.0, -0.0]

d : [0.0015244641801117204, -0.11272856495417163, -0.11272856495417156, 0.010178770820577733, 0.011993623371127514, -0.004866445972626005, -0.1453793933841526, 0.029224159609978175, -0.061424522739577055, 0.008664144231811189, 0.028993549380480942, -0.0005026149246328632, 0.0025130746231641784]

MODÈLE ALTERNÉ
Jx : [1, 1, 2, 1, 2, 2, 2, 5, 2, 5, 2, 3, 3, 3, 5, 3, 4, 4, 4]
     [1, 2, 2, 3, 3, 4, 5, 5, 6, 6, 7, 7, 8, 9, 10, 11, 11, 12, 13]
     [4.242640687119286, -2.5121479338940406e-16, 0.8920812041873757, 2.5121479338940406e-16, 0.8920812041873782, -0.22269975734892042, -0.16334674318687106, 1.4142135623730951, 0.23796142906444237, 7.473754171757742, 1.4142135623730951, 1.4142135623730951, 1.4142135623730951, -2.972451364895534, 15.439614824021302, 1.4142135623730951, 0.6488707322313617, 1.4142135623730951, -7.0710678118654755]

Fx : [-0.007934667931124326, 0.4501827881499757, -0.07998077170116148, 2.3262724773787815e-5, -0.11492313689977056]

sqrt_DλI : [1, 2, 3, 4, 5, 6, 7, 8, 9, 10, 11, 12, 13]
           [1, 2, 3, 4, 5, 6, 7, 8, 9, 10, 11, 12, 13]
           [0.0, 0.0, 0.0, 0.0, 0.0, 0.0, 0.0, 0.0, 0.0, 0.0, 0.0, 0.0, 0.0]

A : [1, 6, 1, 2, 7, 1, 2, 8, 2, 9, 2, 5, 10, 2, 5, 11, 2, 3, 12, 3, 13, 3, 14, 5, 15, 3, 4, 16, 4, 17, 4, 18]
    [1, 1, 2, 2, 2, 3, 3, 3, 4, 4, 5, 5, 5, 6, 6, 6, 7, 7, 7, 8, 8, 9, 9, 10, 10, 11, 11, 11, 12, 12, 13, 13]
    [4.242640687119286, 0.0, -2.5121479338940406e-16, 0.8920812041873757, 0.0, 2.5121479338940406e-16, 0.8920812041873782, 0.0, -0.22269975734892042, 0.0, -0.16334674318687106, 1.4142135623730951, 0.0, 0.23796142906444237, 7.473754171757742, 0.0, 1.4142135623730951, 1.4142135623730951, 0.0, 1.4142135623730951, 0.0, -2.972451364895534, 0.0, 15.439614824021302, 0.0, 1.4142135623730951, 0.6488707322313617, 0.0, 1.4142135623730951, 0.0, -7.0710678118654755, 0.0]

b : [0.007934667931124326, -0.4501827881499757, 0.07998077170116148, -2.3262724773787815e-5, 0.11492313689977056, 0.0, 0.0, 0.0, 0.0, 0.0, 0.0, 0.0, 0.0, 0.0, 0.0, 0.0, 0.0, 0.0]

d : [NaN, NaN, NaN, NaN, NaN, NaN, NaN, NaN, NaN, NaN, NaN, NaN, NaN]

ITÉRATION 4
Jx : [1, 1, 2, 1, 2, 2, 2, 5, 2, 5, 2, 3, 3, 3, 5, 3, 4, 4, 4]
     [1, 2, 2, 3, 3, 4, 5, 5, 6, 6, 7, 7, 8, 9, 10, 11, 11, 12, 13]
     [4.242640687119286, -2.747661802696607e-16, 0.5732366733372839, 2.747661802696607e-16, 0.5732366733372866, -0.21093597233777928, -0.16045629672009343, 1.4142135623730951, 0.23583938171908492, 7.4860071220367255, 1.4142135623730951, 1.4142135623730951, 1.4142135623730951, -2.798716578654325, 15.432732630126258, 1.4142135623730951, 0.7162100705125478, 1.4142135623730951, -7.0710678118654755]

Fx : [-0.001466914174534073, 0.07409941131313673, -0.02600038959875787, 0.0013387613133875854, -0.0006207915574998031]

sqrt_DλI : [1, 2, 3, 4, 5, 6, 7, 8, 9, 10, 11, 12, 13]
           [1, 2, 3, 4, 5, 6, 7, 8, 9, 10, 11, 12, 13]
           [1.755732953125885, 1.0, 1.0, 1.0, 1.0, 1.0, 0.5222701456737276, 0.21115706344897586, 0.44381847137925745, 1.0, 0.20949080582132074, 1.0, 1.0]

A : [1, 6, 1, 2, 7, 1, 2, 8, 2, 9, 2, 5, 10, 2, 5, 11, 2, 3, 12, 3, 13, 3, 14, 5, 15, 3, 4, 16, 4, 17, 4, 18]
    [1, 1, 2, 2, 2, 3, 3, 3, 4, 4, 5, 5, 5, 6, 6, 6, 7, 7, 7, 8, 8, 9, 9, 10, 10, 11, 11, 11, 12, 12, 13, 13]
    [4.242640687119286, 1.755732953125885, -2.747661802696607e-16, 0.5732366733372839, 1.0, 2.747661802696607e-16, 0.5732366733372866, 1.0, -0.21093597233777928, 1.0, -0.16045629672009343, 1.4142135623730951, 1.0, 0.23583938171908492, 7.4860071220367255, 1.0, 1.4142135623730951, 1.4142135623730951, 0.5222701456737276, 1.4142135623730951, 0.21115706344897586, -2.798716578654325, 0.44381847137925745, 15.432732630126258, 1.0, 1.4142135623730951, 0.7162100705125478, 0.20949080582132074, 1.4142135623730951, 1.0, -7.0710678118654755, 1.0]

b : [0.001466914174534073, -0.07409941131313673, 0.02600038959875787, -0.0013387613133875854, 0.0006207915574998031, -0.0, -0.0, -0.0, -0.0, -0.0, -0.0, -0.0, -0.0, -0.0, -0.0, -0.0, -0.0, -0.0]

d : [0.00029520032121067196, -0.004983753559312468, -0.004983753559312504, 0.0018338898256547902, 0.001461619771213283, -0.0016978435632114357, -0.04148583726777038, 0.02196423715055526, -0.009839216743715785, 0.0007268137621372759, 0.01794526281971773, -0.0003786714047882994, 0.0018933570239414927]

MODÈLE ALTERNÉ
Jx : [1, 1, 2, 1, 2, 2, 2, 5, 2, 5, 2, 3, 3, 3, 5, 3, 4, 4, 4]
     [1, 2, 2, 3, 3, 4, 5, 5, 6, 6, 7, 7, 8, 9, 10, 11, 11, 12, 13]
     [4.242640687119286, -2.747661802696607e-16, 0.5732366733372839, 2.747661802696607e-16, 0.5732366733372866, -0.21093597233777928, -0.16045629672009343, 1.4142135623730951, 0.23583938171908492, 7.4860071220367255, 1.4142135623730951, 1.4142135623730951, 1.4142135623730951, -2.798716578654325, 15.432732630126258, 1.4142135623730951, 0.7162100705125478, 1.4142135623730951, -7.0710678118654755]

Fx : [-0.001466914174534073, 0.07409941131313673, -0.02600038959875787, 0.0013387613133875854, -0.0006207915574998031]

sqrt_DλI : [1, 2, 3, 4, 5, 6, 7, 8, 9, 10, 11, 12, 13]
           [1, 2, 3, 4, 5, 6, 7, 8, 9, 10, 11, 12, 13]
           [0.0, 0.0, 0.0, 0.0, 0.0, 0.0, 0.0, 0.0, 0.0, 0.0, 0.0, 0.0, 0.0]

A : [1, 6, 1, 2, 7, 1, 2, 8, 2, 9, 2, 5, 10, 2, 5, 11, 2, 3, 12, 3, 13, 3, 14, 5, 15, 3, 4, 16, 4, 17, 4, 18]
    [1, 1, 2, 2, 2, 3, 3, 3, 4, 4, 5, 5, 5, 6, 6, 6, 7, 7, 7, 8, 8, 9, 9, 10, 10, 11, 11, 11, 12, 12, 13, 13]
    [4.242640687119286, 0.0, -2.747661802696607e-16, 0.5732366733372839, 0.0, 2.747661802696607e-16, 0.5732366733372866, 0.0, -0.21093597233777928, 0.0, -0.16045629672009343, 1.4142135623730951, 0.0, 0.23583938171908492, 7.4860071220367255, 0.0, 1.4142135623730951, 1.4142135623730951, 0.0, 1.4142135623730951, 0.0, -2.798716578654325, 0.0, 15.432732630126258, 0.0, 1.4142135623730951, 0.7162100705125478, 0.0, 1.4142135623730951, 0.0, -7.0710678118654755, 0.0]

b : [0.001466914174534073, -0.07409941131313673, 0.02600038959875787, -0.0013387613133875854, 0.0006207915574998031, 0.0, 0.0, 0.0, 0.0, 0.0, 0.0, 0.0, 0.0, 0.0, 0.0, 0.0, 0.0, 0.0]

d : [NaN, NaN, NaN, NaN, NaN, NaN, NaN, NaN, NaN, NaN, NaN, NaN, NaN]

ITÉRATION 5
Jx : [1, 1, 2, 1, 2, 2, 2, 5, 2, 5, 2, 3, 3, 3, 5, 3, 4, 4, 4]
     [1, 2, 2, 3, 3, 4, 5, 5, 6, 6, 7, 7, 8, 9, 10, 11, 11, 12, 13]
     [4.242640687119286, -2.6691571797624183e-16, 0.5591404895870741, 2.6691571797624183e-16, 0.5591404895870767, -0.20867016884315154, -0.159913684102923, 1.4142135623730951, 0.23558258803086538, 7.487034991916459, 1.4142135623730951, 1.4142135623730951, 1.4142135623730951, -2.7708870711301423, 15.430331516732377, 1.4142135623730951, 0.7563709320155493, 1.4142135623730951, -7.0710678118654755]

Fx : [-0.00021448528090120818, 0.008766996571094636, -0.0008293984403431019, 0.0006298894513583123, -4.884075961730098e-5]

sqrt_DλI : [1, 2, 3, 4, 5, 6, 7, 8, 9, 10, 11, 12, 13]
           [1, 2, 3, 4, 5, 6, 7, 8, 9, 10, 11, 12, 13]
           [1.4431401534697759, 0.12554567823026772, 0.1255456782302686, 1.0, 1.0, 1.0, 0.6040991929655571, 1.0, 1.0, 1.0, 1.0, 1.0, 1.0]

A : [1, 6, 1, 2, 7, 1, 2, 8, 2, 9, 2, 5, 10, 2, 5, 11, 2, 3, 12, 3, 13, 3, 14, 5, 15, 3, 4, 16, 4, 17, 4, 18]
    [1, 1, 2, 2, 2, 3, 3, 3, 4, 4, 5, 5, 5, 6, 6, 6, 7, 7, 7, 8, 8, 9, 9, 10, 10, 11, 11, 11, 12, 12, 13, 13]
    [4.242640687119286, 1.4431401534697759, -2.6691571797624183e-16, 0.5591404895870741, 0.12554567823026772, 2.6691571797624183e-16, 0.5591404895870767, 0.1255456782302686, -0.20867016884315154, 1.0, -0.159913684102923, 1.4142135623730951, 1.0, 0.23558258803086538, 7.487034991916459, 1.0, 1.4142135623730951, 1.4142135623730951, 0.6040991929655571, 1.4142135623730951, 1.0, -2.7708870711301423, 1.0, 15.430331516732377, 1.0, 1.4142135623730951, 0.7563709320155493, 1.0, 1.4142135623730951, 1.0, -7.0710678118654755, 1.0]

b : [0.00021448528090120818, -0.008766996571094636, 0.0008293984403431019, -0.0006298894513583123, 4.884075961730098e-5, -0.0, -0.0, -0.0, -0.0, -0.0, -0.0, -0.0, -0.0, -0.0, -0.0, -0.0, -0.0, -0.0]

d : [4.5311939451817094e-5, -0.007173916377207848, -0.007173916377207778, 4.219871918728343e-5, 3.405121166489245e-5, -3.857564700774352e-5, -0.0003669720367656324, 0.00015207076324259602, -0.0002979542291043567, 1.868342674438534e-5, 0.00014155354759280204, -1.9664411178132826e-5, 9.832205589066136e-5]

MODÈLE ALTERNÉ
Jx : [1, 1, 2, 1, 2, 2, 2, 5, 2, 5, 2, 3, 3, 3, 5, 3, 4, 4, 4]
     [1, 2, 2, 3, 3, 4, 5, 5, 6, 6, 7, 7, 8, 9, 10, 11, 11, 12, 13]
     [4.242640687119286, -2.6691571797624183e-16, 0.5591404895870741, 2.6691571797624183e-16, 0.5591404895870767, -0.20867016884315154, -0.159913684102923, 1.4142135623730951, 0.23558258803086538, 7.487034991916459, 1.4142135623730951, 1.4142135623730951, 1.4142135623730951, -2.7708870711301423, 15.430331516732377, 1.4142135623730951, 0.7563709320155493, 1.4142135623730951, -7.0710678118654755]

Fx : [-0.00021448528090120818, 0.008766996571094636, -0.0008293984403431019, 0.0006298894513583123, -4.884075961730098e-5]

sqrt_DλI : [1, 2, 3, 4, 5, 6, 7, 8, 9, 10, 11, 12, 13]
           [1, 2, 3, 4, 5, 6, 7, 8, 9, 10, 11, 12, 13]
           [0.0, 0.0, 0.0, 0.0, 0.0, 0.0, 0.0, 0.0, 0.0, 0.0, 0.0, 0.0, 0.0]

A : [1, 6, 1, 2, 7, 1, 2, 8, 2, 9, 2, 5, 10, 2, 5, 11, 2, 3, 12, 3, 13, 3, 14, 5, 15, 3, 4, 16, 4, 17, 4, 18]
    [1, 1, 2, 2, 2, 3, 3, 3, 4, 4, 5, 5, 5, 6, 6, 6, 7, 7, 7, 8, 8, 9, 9, 10, 10, 11, 11, 11, 12, 12, 13, 13]
    [4.242640687119286, 0.0, -2.6691571797624183e-16, 0.5591404895870741, 0.0, 2.6691571797624183e-16, 0.5591404895870767, 0.0, -0.20867016884315154, 0.0, -0.159913684102923, 1.4142135623730951, 0.0, 0.23558258803086538, 7.487034991916459, 0.0, 1.4142135623730951, 1.4142135623730951, 0.0, 1.4142135623730951, 0.0, -2.7708870711301423, 0.0, 15.430331516732377, 0.0, 1.4142135623730951, 0.7563709320155493, 0.0, 1.4142135623730951, 0.0, -7.0710678118654755, 0.0]

b : [0.00021448528090120818, -0.008766996571094636, 0.0008293984403431019, -0.0006298894513583123, 4.884075961730098e-5, 0.0, 0.0, 0.0, 0.0, 0.0, 0.0, 0.0, 0.0, 0.0, 0.0, 0.0, 0.0, 0.0]

d : [NaN, NaN, NaN, NaN, NaN, NaN, NaN, NaN, NaN, NaN, NaN, NaN, NaN]

ITÉRATION 6
Jx : [1, 1, 2, 1, 2, 2, 2, 5, 2, 5, 2, 3, 3, 3, 5, 3, 4, 4, 4]
     [1, 2, 2, 3, 3, 4, 5, 5, 6, 6, 7, 7, 8, 9, 10, 11, 11, 12, 13]
     [4.242640687119286, -2.9046710485649845e-16, 0.5388495899151186, 2.9046710485649845e-16, 0.5388495899151214, -0.20861750025958145, -0.15990123102567463, 1.4142135623730951, 0.2355766102007017, 7.4870614142719525, 1.4142135623730951, 1.4142135623730951, 1.4142135623730951, -2.770044329306611, 15.4302769625292, 1.4142135623730951, 0.7566829674419836, 1.4142135623730951, -7.0710678118654755]

Fx : [-2.2243002979408902e-5, 0.00034779354552862384, -0.00010765581715426496, 1.3926924235617603e-5, -1.211843975029199e-6]

sqrt_DλI : [1, 2, 3, 4, 5, 6, 7, 8, 9, 10, 11, 12, 13]
           [1, 2, 3, 4, 5, 6, 7, 8, 9, 10, 11, 12, 13]
           [1.0405252709861157, 1.0, 1.0, 1.0, 1.0, 1.0, 1.0, 1.0, 1.0, 1.0, 1.0, 1.0, 1.0]

A : [1, 6, 1, 2, 7, 1, 2, 8, 2, 9, 2, 5, 10, 2, 5, 11, 2, 3, 12, 3, 13, 3, 14, 5, 15, 3, 4, 16, 4, 17, 4, 18]
    [1, 1, 2, 2, 2, 3, 3, 3, 4, 4, 5, 5, 5, 6, 6, 6, 7, 7, 7, 8, 8, 9, 9, 10, 10, 11, 11, 11, 12, 12, 13, 13]
    [4.242640687119286, 1.0405252709861157, -2.9046710485649845e-16, 0.5388495899151186, 1.0, 2.9046710485649845e-16, 0.5388495899151214, 1.0, -0.20861750025958145, 1.0, -0.15990123102567463, 1.4142135623730951, 1.0, 0.2355766102007017, 7.4870614142719525, 1.0, 1.4142135623730951, 1.4142135623730951, 1.0, 1.4142135623730951, 1.0, -2.770044329306611, 1.0, 15.4302769625292, 1.0, 1.4142135623730951, 0.7566829674419836, 1.0, 1.4142135623730951, 1.0, -7.0710678118654755, 1.0]

b : [2.2243002979408902e-5, -0.00034779354552862384, 0.00010765581715426496, -1.3926924235617603e-5, 1.211843975029199e-6, -0.0, -0.0, -0.0, -0.0, -0.0, -0.0, -0.0, -0.0, -0.0, -0.0, -0.0, -0.0, -0.0]

d : [4.945270053737761e-6, -5.7047678394869026e-5, -5.704767839486938e-5, 2.208620788636924e-5, 1.7709170755826446e-5, -2.080813631183737e-5, -0.00011886657292150472, 3.08553569042767e-5, -6.043691610339296e-5, 8.516190281667743e-6, 3.0328873086802727e-5, -9.839795357872936e-7, 4.9198976789364e-6]

MODÈLE ALTERNÉ
Jx : [1, 1, 2, 1, 2, 2, 2, 5, 2, 5, 2, 3, 3, 3, 5, 3, 4, 4, 4]
     [1, 2, 2, 3, 3, 4, 5, 5, 6, 6, 7, 7, 8, 9, 10, 11, 11, 12, 13]
     [4.242640687119286, -2.9046710485649845e-16, 0.5388495899151186, 2.9046710485649845e-16, 0.5388495899151214, -0.20861750025958145, -0.15990123102567463, 1.4142135623730951, 0.2355766102007017, 7.4870614142719525, 1.4142135623730951, 1.4142135623730951, 1.4142135623730951, -2.770044329306611, 15.4302769625292, 1.4142135623730951, 0.7566829674419836, 1.4142135623730951, -7.0710678118654755]

Fx : [-2.2243002979408902e-5, 0.00034779354552862384, -0.00010765581715426496, 1.3926924235617603e-5, -1.211843975029199e-6]

sqrt_DλI : [1, 2, 3, 4, 5, 6, 7, 8, 9, 10, 11, 12, 13]
           [1, 2, 3, 4, 5, 6, 7, 8, 9, 10, 11, 12, 13]
           [0.0, 0.0, 0.0, 0.0, 0.0, 0.0, 0.0, 0.0, 0.0, 0.0, 0.0, 0.0, 0.0]

A : [1, 6, 1, 2, 7, 1, 2, 8, 2, 9, 2, 5, 10, 2, 5, 11, 2, 3, 12, 3, 13, 3, 14, 5, 15, 3, 4, 16, 4, 17, 4, 18]
    [1, 1, 2, 2, 2, 3, 3, 3, 4, 4, 5, 5, 5, 6, 6, 6, 7, 7, 7, 8, 8, 9, 9, 10, 10, 11, 11, 11, 12, 12, 13, 13]
    [4.242640687119286, 0.0, -2.9046710485649845e-16, 0.5388495899151186, 0.0, 2.9046710485649845e-16, 0.5388495899151214, 0.0, -0.20861750025958145, 0.0, -0.15990123102567463, 1.4142135623730951, 0.0, 0.2355766102007017, 7.4870614142719525, 0.0, 1.4142135623730951, 1.4142135623730951, 0.0, 1.4142135623730951, 0.0, -2.770044329306611, 0.0, 15.4302769625292, 0.0, 1.4142135623730951, 0.7566829674419836, 0.0, 1.4142135623730951, 0.0, -7.0710678118654755, 0.0]

b : [2.2243002979408902e-5, -0.00034779354552862384, 0.00010765581715426496, -1.3926924235617603e-5, 1.211843975029199e-6, 0.0, 0.0, 0.0, 0.0, 0.0, 0.0, 0.0, 0.0, 0.0, 0.0, 0.0, 0.0, 0.0]

d : [NaN, NaN, NaN, NaN, NaN, NaN, NaN, NaN, NaN, NaN, NaN, NaN, NaN]

ITÉRATION 7
Jx : [1, 1, 2, 1, 2, 2, 2, 5, 2, 5, 2, 3, 3, 3, 5, 3, 4, 4, 4]
     [1, 2, 2, 3, 3, 4, 5, 5, 6, 6, 7, 7, 8, 9, 10, 11, 11, 12, 13]
     [4.242640687119286, -2.9046710485649845e-16, 0.5386882347141426, 2.9046710485649845e-16, 0.5386882347141455, -0.20858992473010296, -0.15989462383936356, 1.4142135623730951, 0.2355735013669323, 7.487073457983748, 1.4142135623730951, 1.4142135623730951, 1.4142135623730951, -2.769873387893768, 15.430247535380621, 1.4142135623730951, 0.7567498135070114, 1.4142135623730951, -7.0710678118654755]

Fx : [-1.2619990386751687e-6, 0.00010587899216793037, -2.1823197688845187e-5, 6.967922969040792e-7, -5.521648906022076e-7]

sqrt_DλI : [1, 2, 3, 4, 5, 6, 7, 8, 9, 10, 11, 12, 13]
           [1, 2, 3, 4, 5, 6, 7, 8, 9, 10, 11, 12, 13]
           [0.28756366974052827, 1.0, 1.0, 1.0, 1.0, 1.0, 1.0, 1.0, 1.0, 1.0, 1.0, 1.0, 1.0]

A : [1, 6, 1, 2, 7, 1, 2, 8, 2, 9, 2, 5, 10, 2, 5, 11, 2, 3, 12, 3, 13, 3, 14, 5, 15, 3, 4, 16, 4, 17, 4, 18]
    [1, 1, 2, 2, 2, 3, 3, 3, 4, 4, 5, 5, 5, 6, 6, 6, 7, 7, 7, 8, 8, 9, 9, 10, 10, 11, 11, 11, 12, 12, 13, 13]
    [4.242640687119286, 0.28756366974052827, -2.9046710485649845e-16, 0.5386882347141426, 1.0, 2.9046710485649845e-16, 0.5386882347141455, 1.0, -0.20858992473010296, 1.0, -0.15989462383936356, 1.4142135623730951, 1.0, 0.2355735013669323, 7.487073457983748, 1.0, 1.4142135623730951, 1.4142135623730951, 1.0, 1.4142135623730951, 1.0, -2.769873387893768, 1.0, 15.430247535380621, 1.0, 1.4142135623730951, 0.7567498135070114, 1.0, 1.4142135623730951, 1.0, -7.0710678118654755, 1.0]

b : [1.2619990386751687e-6, -0.00010587899216793037, 2.1823197688845187e-5, -6.967922969040792e-7, 5.521648906022076e-7, -0.0, -0.0, -0.0, -0.0, -0.0, -0.0, -0.0, -0.0, -0.0, -0.0, -0.0, -0.0, -0.0]

d : [2.9609574795147665e-7, -1.7127275626455345e-5, -1.7127275626455457e-5, 6.6319939874867675e-6, 5.3190553287132265e-6, -6.244206073155135e-6, -3.671809755399611e-5, 8.245990979121079e-6, -1.6150567055482603e-5, 2.5673166998839323e-6, 8.148001997459958e-6, -1.8312174559527444e-7, 9.156087279764304e-7]

MODÈLE ALTERNÉ
Jx : [1, 1, 2, 1, 2, 2, 2, 5, 2, 5, 2, 3, 3, 3, 5, 3, 4, 4, 4]
     [1, 2, 2, 3, 3, 4, 5, 5, 6, 6, 7, 7, 8, 9, 10, 11, 11, 12, 13]
     [4.242640687119286, -2.9046710485649845e-16, 0.5386882347141426, 2.9046710485649845e-16, 0.5386882347141455, -0.20858992473010296, -0.15989462383936356, 1.4142135623730951, 0.2355735013669323, 7.487073457983748, 1.4142135623730951, 1.4142135623730951, 1.4142135623730951, -2.769873387893768, 15.430247535380621, 1.4142135623730951, 0.7567498135070114, 1.4142135623730951, -7.0710678118654755]

Fx : [-1.2619990386751687e-6, 0.00010587899216793037, -2.1823197688845187e-5, 6.967922969040792e-7, -5.521648906022076e-7]

sqrt_DλI : [1, 2, 3, 4, 5, 6, 7, 8, 9, 10, 11, 12, 13]
           [1, 2, 3, 4, 5, 6, 7, 8, 9, 10, 11, 12, 13]
           [0.0, 0.0, 0.0, 0.0, 0.0, 0.0, 0.0, 0.0, 0.0, 0.0, 0.0, 0.0, 0.0]

A : [1, 6, 1, 2, 7, 1, 2, 8, 2, 9, 2, 5, 10, 2, 5, 11, 2, 3, 12, 3, 13, 3, 14, 5, 15, 3, 4, 16, 4, 17, 4, 18]
    [1, 1, 2, 2, 2, 3, 3, 3, 4, 4, 5, 5, 5, 6, 6, 6, 7, 7, 7, 8, 8, 9, 9, 10, 10, 11, 11, 11, 12, 12, 13, 13]
    [4.242640687119286, 0.0, -2.9046710485649845e-16, 0.5386882347141426, 0.0, 2.9046710485649845e-16, 0.5386882347141455, 0.0, -0.20858992473010296, 0.0, -0.15989462383936356, 1.4142135623730951, 0.0, 0.2355735013669323, 7.487073457983748, 0.0, 1.4142135623730951, 1.4142135623730951, 0.0, 1.4142135623730951, 0.0, -2.769873387893768, 0.0, 15.430247535380621, 0.0, 1.4142135623730951, 0.7567498135070114, 0.0, 1.4142135623730951, 0.0, -7.0710678118654755, 0.0]

b : [1.2619990386751687e-6, -0.00010587899216793037, 2.1823197688845187e-5, -6.967922969040792e-7, 5.521648906022076e-7, 0.0, 0.0, 0.0, 0.0, 0.0, 0.0, 0.0, 0.0, 0.0, 0.0, 0.0, 0.0, 0.0]

d : [NaN, NaN, NaN, NaN, NaN, NaN, NaN, NaN, NaN, NaN, NaN, NaN, NaN]

ITÉRATION 8
Jx : [1, 1, 2, 1, 2, 2, 2, 5, 2, 5, 2, 3, 3, 3, 5, 3, 4, 4, 4]
     [1, 2, 2, 3, 3, 4, 5, 5, 6, 6, 7, 7, 8, 9, 10, 11, 11, 12, 13]
     [4.242640687119286, -2.9046710485649845e-16, 0.5386397914631879, 2.9046710485649845e-16, 0.5386397914631907, -0.20858164313535155, -0.1598926403613115, 1.4142135623730951, 0.23557256762133746, 7.487077088717844, 1.4142135623730951, 1.4142135623730951, 1.4142135623730951, -2.769827707191828, 15.430238704739706, 1.4142135623730951, 0.7567677714449528, 1.4142135623730951, -7.0710678118654755]

Fx : [-5.771167497126514e-9, 3.179527726440039e-5, -5.83116502339065e-6, 1.295597891848727e-7, -1.6640474948128338e-7]

sqrt_DλI : [1, 2, 3, 4, 5, 6, 7, 8, 9, 10, 11, 12, 13]
           [1, 2, 3, 4, 5, 6, 7, 8, 9, 10, 11, 12, 13]
           [1.0, 1.0, 1.0, 1.0, 1.0, 1.0, 1.0, 1.0, 1.0, 1.0, 1.0, 1.0, 1.0]

A : [1, 6, 1, 2, 7, 1, 2, 8, 2, 9, 2, 5, 10, 2, 5, 11, 2, 3, 12, 3, 13, 3, 14, 5, 15, 3, 4, 16, 4, 17, 4, 18]
    [1, 1, 2, 2, 2, 3, 3, 3, 4, 4, 5, 5, 5, 6, 6, 6, 7, 7, 7, 8, 8, 9, 9, 10, 10, 11, 11, 11, 12, 12, 13, 13]
    [4.242640687119286, 1.0, -2.9046710485649845e-16, 0.5386397914631879, 1.0, 2.9046710485649845e-16, 0.5386397914631907, 1.0, -0.20858164313535155, 1.0, -0.1598926403613115, 1.4142135623730951, 1.0, 0.23557256762133746, 7.487077088717844, 1.0, 1.4142135623730951, 1.4142135623730951, 1.0, 1.4142135623730951, 1.0, -2.769827707191828, 1.0, 15.430238704739706, 1.0, 1.4142135623730951, 0.7567677714449528, 1.0, 1.4142135623730951, 1.0, -7.0710678118654755, 1.0]

b : [5.771167497126514e-9, -3.179527726440039e-5, 5.83116502339065e-6, -1.295597891848727e-7, 1.6640474948128338e-7, -0.0, -0.0, -0.0, -0.0, -0.0, -0.0, -0.0, -0.0, -0.0, -0.0, -0.0, -0.0, -0.0]

d : [1.2886836860783856e-9, -5.127455552979991e-6, -5.127455552980015e-6, 1.9855441823910275e-6, 1.592514576686523e-6, -1.8694831667430692e-6, -1.106136296338374e-5, 2.4009123798316126e-6, -4.702340444987922e-6, 7.687110593637144e-7, 2.373416226676366e-6, -5.138357389478101e-8, 2.569178694739383e-7]

MODÈLE ALTERNÉ
Jx : [1, 1, 2, 1, 2, 2, 2, 5, 2, 5, 2, 3, 3, 3, 5, 3, 4, 4, 4]
     [1, 2, 2, 3, 3, 4, 5, 5, 6, 6, 7, 7, 8, 9, 10, 11, 11, 12, 13]
     [4.242640687119286, -2.9046710485649845e-16, 0.5386397914631879, 2.9046710485649845e-16, 0.5386397914631907, -0.20858164313535155, -0.1598926403613115, 1.4142135623730951, 0.23557256762133746, 7.487077088717844, 1.4142135623730951, 1.4142135623730951, 1.4142135623730951, -2.769827707191828, 15.430238704739706, 1.4142135623730951, 0.7567677714449528, 1.4142135623730951, -7.0710678118654755]

Fx : [-5.771167497126514e-9, 3.179527726440039e-5, -5.83116502339065e-6, 1.295597891848727e-7, -1.6640474948128338e-7]

sqrt_DλI : [1, 2, 3, 4, 5, 6, 7, 8, 9, 10, 11, 12, 13]
           [1, 2, 3, 4, 5, 6, 7, 8, 9, 10, 11, 12, 13]
           [0.0, 0.0, 0.0, 0.0, 0.0, 0.0, 0.0, 0.0, 0.0, 0.0, 0.0, 0.0, 0.0]

A : [1, 6, 1, 2, 7, 1, 2, 8, 2, 9, 2, 5, 10, 2, 5, 11, 2, 3, 12, 3, 13, 3, 14, 5, 15, 3, 4, 16, 4, 17, 4, 18]
    [1, 1, 2, 2, 2, 3, 3, 3, 4, 4, 5, 5, 5, 6, 6, 6, 7, 7, 7, 8, 8, 9, 9, 10, 10, 11, 11, 11, 12, 12, 13, 13]
    [4.242640687119286, 0.0, -2.9046710485649845e-16, 0.5386397914631879, 0.0, 2.9046710485649845e-16, 0.5386397914631907, 0.0, -0.20858164313535155, 0.0, -0.1598926403613115, 1.4142135623730951, 0.0, 0.23557256762133746, 7.487077088717844, 0.0, 1.4142135623730951, 1.4142135623730951, 0.0, 1.4142135623730951, 0.0, -2.769827707191828, 0.0, 15.430238704739706, 0.0, 1.4142135623730951, 0.7567677714449528, 0.0, 1.4142135623730951, 0.0, -7.0710678118654755, 0.0]

b : [5.771167497126514e-9, -3.179527726440039e-5, 5.83116502339065e-6, -1.295597891848727e-7, 1.6640474948128338e-7, 0.0, 0.0, 0.0, 0.0, 0.0, 0.0, 0.0, 0.0, 0.0, 0.0, 0.0, 0.0, 0.0]

d : [NaN, NaN, NaN, NaN, NaN, NaN, NaN, NaN, NaN, NaN, NaN, NaN, NaN]

ITÉRATION 9
Jx : [1, 1, 2, 1, 2, 2, 2, 5, 2, 5, 2, 3, 3, 3, 5, 3, 4, 4, 4]
     [1, 2, 2, 3, 3, 4, 5, 5, 6, 6, 7, 7, 8, 9, 10, 11, 11, 12, 13]
     [4.242640687119286, -2.9046710485649845e-16, 0.5386252888288209, 2.9046710485649845e-16, 0.5386252888288238, -0.2085791636042846, -0.15989204651892924, 1.4142135623730951, 0.23557228806077316, 7.48707817583945, 1.4142135623730951, 1.4142135623730951, 1.4142135623730951, -2.7698144069645636, 15.430236060891257, 1.4142135623730951, 0.7567730023321481, 1.4142135623730951, -7.0710678118654755]

Fx : [-3.037488309829962e-10, 9.51934374277204e-6, -1.6977326960062038e-6, 3.633987788141366e-8, -4.982051588131718e-8]

sqrt_DλI : [1, 2, 3, 4, 5, 6, 7, 8, 9, 10, 11, 12, 13]
           [1, 2, 3, 4, 5, 6, 7, 8, 9, 10, 11, 12, 13]
           [1.0, 1.0, 1.0, 1.0, 1.0, 1.0, 1.0, 1.0, 1.0, 1.0, 1.0, 1.0, 1.0]

A : [1, 6, 1, 2, 7, 1, 2, 8, 2, 9, 2, 5, 10, 2, 5, 11, 2, 3, 12, 3, 13, 3, 14, 5, 15, 3, 4, 16, 4, 17, 4, 18]
    [1, 1, 2, 2, 2, 3, 3, 3, 4, 4, 5, 5, 5, 6, 6, 6, 7, 7, 7, 8, 8, 9, 9, 10, 10, 11, 11, 11, 12, 12, 13, 13]
    [4.242640687119286, 1.0, -2.9046710485649845e-16, 0.5386252888288209, 1.0, 2.9046710485649845e-16, 0.5386252888288238, 1.0, -0.2085791636042846, 1.0, -0.15989204651892924, 1.4142135623730951, 1.0, 0.23557228806077316, 7.48707817583945, 1.0, 1.4142135623730951, 1.4142135623730951, 1.0, 1.4142135623730951, 1.0, -2.7698144069645636, 1.0, 15.430236060891257, 1.0, 1.4142135623730951, 0.7567730023321481, 1.0, 1.4142135623730951, 1.0, -7.0710678118654755, 1.0]

b : [3.037488309829962e-10, -9.51934374277204e-6, 1.6977326960062038e-6, -3.633987788141366e-8, 4.982051588131718e-8, -0.0, -0.0, -0.0, -0.0, -0.0, -0.0, -0.0, -0.0, -0.0, -0.0, -0.0, -0.0, -0.0]

d : [6.782616573649361e-11, -1.5340743137055977e-6, -1.5340743137056061e-6, 5.940603679327455e-7, 4.7647289067546423e-7, -5.593408133087888e-7, -3.3140498547632078e-6, 7.138128266344733e-7, -1.3980413593054373e-6, 2.2999705678678194e-7, 7.056686517333753e-7, -1.5219362429655936e-8, 7.609681214828621e-8]

MODÈLE ALTERNÉ
Jx : [1, 1, 2, 1, 2, 2, 2, 5, 2, 5, 2, 3, 3, 3, 5, 3, 4, 4, 4]
     [1, 2, 2, 3, 3, 4, 5, 5, 6, 6, 7, 7, 8, 9, 10, 11, 11, 12, 13]
     [4.242640687119286, -2.9046710485649845e-16, 0.5386252888288209, 2.9046710485649845e-16, 0.5386252888288238, -0.2085791636042846, -0.15989204651892924, 1.4142135623730951, 0.23557228806077316, 7.48707817583945, 1.4142135623730951, 1.4142135623730951, 1.4142135623730951, -2.7698144069645636, 15.430236060891257, 1.4142135623730951, 0.7567730023321481, 1.4142135623730951, -7.0710678118654755]

Fx : [-3.037488309829962e-10, 9.51934374277204e-6, -1.6977326960062038e-6, 3.633987788141366e-8, -4.982051588131718e-8]

sqrt_DλI : [1, 2, 3, 4, 5, 6, 7, 8, 9, 10, 11, 12, 13]
           [1, 2, 3, 4, 5, 6, 7, 8, 9, 10, 11, 12, 13]
           [0.0, 0.0, 0.0, 0.0, 0.0, 0.0, 0.0, 0.0, 0.0, 0.0, 0.0, 0.0, 0.0]

A : [1, 6, 1, 2, 7, 1, 2, 8, 2, 9, 2, 5, 10, 2, 5, 11, 2, 3, 12, 3, 13, 3, 14, 5, 15, 3, 4, 16, 4, 17, 4, 18]
    [1, 1, 2, 2, 2, 3, 3, 3, 4, 4, 5, 5, 5, 6, 6, 6, 7, 7, 7, 8, 8, 9, 9, 10, 10, 11, 11, 11, 12, 12, 13, 13]
    [4.242640687119286, 0.0, -2.9046710485649845e-16, 0.5386252888288209, 0.0, 2.9046710485649845e-16, 0.5386252888288238, 0.0, -0.2085791636042846, 0.0, -0.15989204651892924, 1.4142135623730951, 0.0, 0.23557228806077316, 7.48707817583945, 0.0, 1.4142135623730951, 1.4142135623730951, 0.0, 1.4142135623730951, 0.0, -2.7698144069645636, 0.0, 15.430236060891257, 0.0, 1.4142135623730951, 0.7567730023321481, 0.0, 1.4142135623730951, 0.0, -7.0710678118654755, 0.0]

b : [3.037488309829962e-10, -9.51934374277204e-6, 1.6977326960062038e-6, -3.633987788141366e-8, 4.982051588131718e-8, 0.0, 0.0, 0.0, 0.0, 0.0, 0.0, 0.0, 0.0, 0.0, 0.0, 0.0, 0.0, 0.0]

d : [NaN, NaN, NaN, NaN, NaN, NaN, NaN, NaN, NaN, NaN, NaN, NaN, NaN]

